0.066
0.07
0.035
0.025
0.22
0.019
0.019
0.051
0.03
0.069
0.048
0.026
0.07
0.09
0.017
0.009
0.149
0.052
0.005
0.003
0.022
0.003
0.04
0.078
0.033
0.03
0.039
0.034
0.059
0.024
0.004
0.013
0.065
0.031
0.014
0.013
0.033
0.017
0.021
0.059
0.02
0.0
0.035
0.043
0.058
0.046
0.016
0.027
0.083
0.012
0.03
0.04
0.021
0.019
0.054
0.013
0.04
0.019
0.045
0.041
0.074
0.072
0.015
0.049
0.03
0.072
0.131
0.081
0.054
0.11
0.051
0.003
0.006
0.041
0.061
0.028
0.015
0.02
0.01
0.027
0.008
0.007
0.013
0.013
0.033
0.046
0.024
0.027
0.139
0.072
0.021
0.03
0.036
0.022
0.018
0.028
0.166
0.051
0.008
0.036
0.097
0.151
0.06
0.056
0.061
0.195
0.018
0.001
0.003
0.018
0.062
0.079
0.041
0.036
0.0
0.013
0.057
0.016
0.016
0.226
0.039
0.051
0.022
0.005
0.089
0.123
0.027
0.02
0.027
0.022
0.009
0.039
0.025
0.042
0.05
0.033
0.029
0.034
0.045
0.021
0.064
0.066
0.058
0.127
0.176
0.017
0.018
0.114
0.032
0.025
0.067
0.01
0.041
0.121
0.027
0.05
0.03
0.102
0.06
0.061
0.052
0.065
0.006
0.042
0.034
0.018
0.039
0.0
0.009
0.013
0.042
0.016
0.027
0.002
0.035
0.052
0.03
0.04
0.025
0.023
0.002
0.008
0.024
0.023
0.009
0.144
0.024
0.052
0.015
0.052
0.129
0.006
0.035
0.028
0.072
0.024
0.016
0.016
0.023
0.023
0.127
0.062
0.028
0.0
0.041
0.004
0.013
0.0
0.204
0.044
0.076
0.061
0.024
0.0
0.022
0.028
0.0
0.101
0.052
0.077
0.028
0.08
0.036
0.025
0.052
0.085
0.032
0.014
0.05
0.036
0.079
0.2
0.051
0.032
0.047
0.041
0.091
0.042
0.129
0.0
0.017
0.062
0.045
0.065
0.126
0.053
0.013
0.022
0.045
0.048
0.048
0.041
0.07
0.013
0.015
0.058
0.064
0.031
0.038
0.036
0.021
0.017
0.053
0.022
0.028
0.059
0.057
0.023
0.026
0.037
0.043
0.076
0.06
0.066
0.023
0.022
0.024
0.131
0.16
0.03
0.005
0.006
0.102
0.047
0.025
0.034
0.035
0.105
0.021
0.018
0.024
0.076
0.001
0.006
0.045
0.037
0.033
0.019
0.003
0.061
0.026
0.02
0.028
0.036
0.025
0.01
0.035
0.03
0.078
0.024
0.019
0.065
0.035
0.02
0.034
0.023
0.012
0.197
0.036
0.062
0.012
0.023
0.003
0.007
0.12
0.029
0.013
0.031
0.021
0.013
0.012
0.018
0.072
0.038
0.128
0.02
0.02
0.018
0.038
0.031
0.009
0.029
0.019
0.017
0.044
0.04
0.07
0.062
0.031
0.103
0.04
0.063
0.029
0.034
0.029
0.023
0.017
0.052
0.003
0.07
0.004
0.001
0.07
0.021
0.059
0.019
0.003
0.033
0.077
0.044
0.03
0.039
0.004
0.079
0.06
0.009
0.087
0.05
0.019
0.031
0.03
0.017
0.061
0.055
0.026
0.037
0.049
0.022
0.018
0.035
0.008
0.04
0.013
0.051
0.012
0.023
0.025
0.007
0.033
0.03
0.01
0.006
0.043
0.069
0.052
0.04
0.005
0.045
0.003
0.01
0.034
0.019
0.217
0.078
0.038
0.018
0.014
0.0
0.014
0.0
0.014
0.018
0.042
0.021
0.003
0.056
0.001
0.028
0.051
0.085
0.0
0.004
0.033
0.034
0.036
0.023
0.025
0.026
0.039
0.044
0.036
0.045
0.05
0.033
0.033
0.081
0.105
0.005
0.009
0.009
0.016
0.034
0.065
0.023
0.023
0.06
0.047
0.006
0.033
0.156
0.016
0.009
0.018
0.022
0.139
0.026
0.143
0.077
0.022
0.02
0.132
0.03
0.041
0.042
0.042
0.013
0.037
0.028
0.059
0.051
0.054
0.096
0.056
0.022
0.037
0.026
0.001
0.035
0.068
0.019
0.032
0.055
0.036
0.013
0.024
0.046
0.0
0.038
0.014
0.012
0.01
0.027
0.014
0.02
0.022
0.147
0.026
0.004
0.003
0.037
0.032
0.089
0.027
0.033
0.057
0.022
0.066
0.086
0.052
0.049
0.042
0.038
0.022
0.034
0.021
0.015
0.059
0.058
0.133
0.109
0.031
0.158
0.031
0.091
0.005
0.008
0.002
0.013
0.024
0.023
0.022
0.036
0.024
0.064
0.03
0.023
0.12
0.047
0.024
0.072
0.026
0.05
0.037
0.121
0.047
0.024
0.055
0.001
0.006
0.0
0.047
0.005
0.001
0.013
0.005
0.073
0.049
0.002
0.013
0.126
0.046
0.057
0.011
0.04
0.035
0.017
0.006
0.001
0.078
0.032
0.006
0.024
0.004
0.061
0.02
0.021
0.014
0.055
0.138
0.045
0.024
0.021
0.002
0.061
0.049
0.046
0.001
0.071
0.012
0.021
0.056
0.022
0.08
0.029
0.203
0.063
0.018
0.035
0.028
0.031
0.05
0.039
0.003
0.024
0.022
0.044
0.034
0.029
0.024
0.019
0.064
0.018
0.056
0.012
0.045
0.056
0.029
0.024
0.03
0.03
0.044
0.004
0.061
0.013
0.053
0.037
0.082
0.033
0.015
0.022
0.029
0.028
0.037
0.079
0.068
0.037
0.055
0.008
0.071
0.037
0.051
0.056
0.026
0.025
0.039
0.05
0.045
0.039
0.057
0.03
0.018
0.027
0.032
0.006
0.055
0.039
0.001
0.028
0.182
0.09
0.052
0.044
0.037
0.018
0.007
0.008
0.14
0.058
0.049
0.057
0.005
0.138
0.165
0.069
0.021
0.026
0.021
0.054
0.029
0.027
0.004
0.047
0.041
0.054
0.033
0.024
0.034
0.054
0.131
0.058
0.035
0.042
0.01
0.098
0.023
0.0
0.101
0.08
0.092
0.043
0.026
0.02
0.0
0.0
0.05
0.014
0.132
0.021
0.025
0.025
0.05
0.054
0.081
0.0
0.024
0.059
0.035
0.038
0.018
0.016
0.007
0.07
0.004
0.031
0.063
0.027
0.164
0.014
0.048
0.042
0.217
0.072
0.02
0.019
0.047
0.029
0.027
0.008
0.038
0.026
0.033
0.036
0.018
0.008
0.057
0.079
0.064
0.011
0.02
0.026
0.022
0.024
0.021
0.069
0.036
0.013
0.004
0.045
0.031
0.045
0.0
0.032
0.088
0.032
0.014
0.029
0.019
0.052
0.044
0.012
0.037
0.024
0.017
0.036
0.046
0.037
0.034
0.004
0.048
0.036
0.035
0.006
0.059
0.024
0.013
0.069
0.041
0.04
0.06
0.083
0.017
0.062
0.052
0.041
0.021
0.036
0.005
0.009
0.02
0.018
0.06
0.025
0.03
0.038
0.06
0.071
0.001
0.015
0.006
0.165
0.037
0.019
0.022
0.028
0.016
0.04
0.018
0.026
0.17
0.067
0.163
0.068
0.086
0.028
0.045
0.012
0.028
0.015
0.001
0.028
0.012
0.003
0.037
0.064
0.013
0.034
0.018
0.062
0.067
0.093
0.024
0.02
0.132
0.112
0.061
0.03
0.01
0.015
0.029
0.198
0.031
0.128
0.077
0.059
0.014
0.006
0.029
0.002
0.09
0.03
0.038
0.038
0.038
0.115
0.039
0.05
0.02
0.014
0.012
0.011
0.029
0.037
0.021
0.038
0.023
0.019
0.042
0.031
0.002
0.03
0.012
0.082
0.057
0.01
0.052
0.023
0.035
0.014
0.108
0.037
0.007
0.027
0.019
0.03
0.005
0.014
0.04
0.053
0.053
0.049
0.024
0.047
0.077
0.069
0.017
0.013
0.028
0.172
0.037
0.122
0.004
0.039
0.012
0.042
0.03
0.068
0.008
0.048
0.049
0.178
0.001
0.051
0.027
0.113
0.017
0.021
0.091
0.007
0.091
0.022
0.014
0.026
0.029
0.034
0.034
0.051
0.037
0.024
0.0
0.024
0.021
0.09
0.097
0.01
0.025
0.013
0.047
0.016
0.026
0.023
0.041
0.039
0.019
0.031
0.034
0.055
0.104
0.013
0.031
0.04
0.013
0.0
0.077
0.021
0.059
0.022
0.033
0.163
0.0
0.068
0.025
0.017
0.066
0.072
0.026
0.009
0.03
0.019
0.025
0.087
0.048
0.128
0.023
0.056
0.018
0.051
0.027
0.017
0.081
0.034
0.052
0.073
0.023
0.004
0.035
0.01
0.014
0.234
0.062
0.059
0.143
0.005
0.027
0.012
0.018
0.033
0.027
0.046
0.05
0.039
0.032
0.018
0.028
0.039
0.107
0.055
0.022
0.025
0.039
0.021
0.07
0.038
0.021
0.038
0.008
0.072
0.03
0.025
0.21
0.025
0.027
0.025
0.052
0.178
0.02
0.019
0.019
0.013
0.072
0.058
0.01
0.03
0.028
0.102
0.036
0.02
0.084
0.018
0.0
0.049
0.023
0.004
0.027
0.007
0.039
0.052
0.042
0.023
0.02
0.022
0.025
0.211
0.066
0.044
0.033
0.025
0.043
0.0
0.024
0.161
0.041
0.153
0.019
0.017
0.014
0.043
0.002
0.038
0.09
0.018
0.026
0.043
0.048
0.072
0.038
0.01
0.053
0.035
0.017
0.015
0.009
0.018
0.077
0.129
0.032
0.082
0.023
0.044
0.039
0.012
0.035
0.048
0.052
0.029
0.056
0.032
0.032
0.026
0.046
0.043
0.012
0.045
0.08
0.017
0.001
0.031
0.031
0.009
0.031
0.019
0.038
0.036
0.034
0.016
0.021
0.034
0.046
0.048
0.075
0.014
0.035
0.0
0.064
0.029
0.027
0.115
0.113
0.137
0.013
0.001
0.093
0.043
0.09
0.033
0.01
0.014
0.035
0.025
0.066
0.061
0.007
0.061
0.073
0.058
0.039
0.069
0.022
0.013
0.106
0.009
0.057
0.034
0.153
0.014
0.035
0.012
0.006
0.027
0.046
0.058
0.038
0.042
0.1
0.02
0.024
0.032
0.049
0.017
0.031
0.103
0.102
0.028
0.187
0.009
0.029
0.028
0.009
0.033
0.025
0.019
0.006
0.018
0.081
0.033
0.034
0.033
0.025
0.015
0.018
0.055
0.031
0.016
0.016
0.007
0.048
0.062
0.014
0.043
0.062
0.054
0.008
0.009
0.053
0.055
0.004
0.008
0.001
0.053
0.011
0.021
0.101
0.095
0.12
0.039
0.018
0.031
0.117
0.054
0.01
0.01
0.003
0.003
0.007
0.033
0.056
0.037
0.029
0.002
0.013
0.029
0.014
0.021
0.027
0.036
0.014
0.108
0.005
0.029
0.021
0.036
0.035
0.009
0.064
0.048
0.061
0.028
0.016
0.028
0.049
0.031
0.046
0.007
0.008
0.112
0.04
0.015
0.08
0.045
0.011
0.1
0.066
0.037
0.041
0.056
0.114
0.009
0.017
0.11
0.015
0.003
0.051
0.019
0.003
0.025
0.048
0.043
0.017
0.021
0.012
0.098
0.073
0.057
0.001
0.044
0.083
0.026
0.049
0.045
0.007
0.009
0.024
0.067
0.015
0.001
0.031
0.143
0.058
0.146
0.056
0.022
0.057
0.021
0.007
0.025
0.016
0.03
0.03
0.046
0.008
0.089
0.069
0.007
0.032
0.042
0.122
0.054
0.023
0.046
0.08
0.076
0.079
0.021
0.048
0.029
0.054
0.032
0.008
0.004
0.023
0.039
0.033
0.049
0.065
0.001
0.106
0.083
0.035
0.079
0.048
0.027
0.0
0.165
0.04
0.03
0.047
0.007
0.045
0.053
0.02
0.178
0.023
0.011
0.03
0.034
0.034
0.122
0.0
0.02
0.003
0.004
0.024
0.045
0.043
0.062
0.071
0.017
0.04
0.024
0.02
0.023
0.001
0.045
0.052
0.031
0.012
0.048
0.096
0.019
0.035
0.037
0.034
0.003
0.022
0.009
0.033
0.138
0.025
0.038
0.111
0.019
0.022
0.0
0.01
0.018
0.013
0.04
0.045
0.017
0.01
0.038
0.139
0.038
0.016
0.072
0.015
0.063
0.037
0.001
0.001
0.036
0.025
0.134
0.034
0.029
0.037
0.02
0.031
0.021
0.025
0.03
0.028
0.009
0.027
0.077
0.074
0.027
0.074
0.028
0.075
0.036
0.047
0.022
0.156
0.038
0.0
0.04
0.035
0.029
0.1
0.133
0.008
0.078
0.038
0.029
0.0
0.05
0.072
0.056
0.044
0.01
0.073
0.023
0.047
0.052
0.034
0.061
0.031
0.033
0.056
0.039
0.016
0.044
0.038
0.005
0.01
0.075
0.021
0.007
0.027
0.038
0.042
0.0
0.056
0.024
0.032
0.05
0.015
0.063
0.056
0.025
0.066
0.052
0.052
0.014
0.0
0.016
0.034
0.0
0.077
0.03
0.034
0.042
0.1
0.052
0.028
0.023
0.063
0.002
0.018
0.145
0.035
0.074
0.06
0.019
0.048
0.038
0.026
0.058
0.094
0.02
0.025
0.005
0.112
0.021
0.026
0.052
0.005
0.028
0.031
0.023
0.045
0.038
0.059
0.03
0.024
0.012
0.013
0.104
0.019
0.039
0.014
0.077
0.063
0.025
0.032
0.044
0.049
0.019
0.031
0.027
0.053
0.039
0.015
0.021
0.081
0.011
0.034
0.176
0.165
0.046
0.116
0.038
0.02
0.075
0.013
0.068
0.029
0.088
0.036
0.027
0.031
0.156
0.012
0.019
0.014
0.039
0.013
0.009
0.025
0.01
0.05
0.041
0.072
0.172
0.054
0.033
0.043
0.029
0.043
0.086
0.022
0.024
0.094
0.029
0.05
0.021
0.156
0.06
0.037
0.008
0.019
0.0
0.011
0.043
0.028
0.036
0.007
0.022
0.013
0.047
0.001
0.038
0.062
0.042
0.052
0.085
0.044
0.083
0.028
0.037
0.006
0.026
0.003
0.012
0.0
0.025
0.002
0.001
0.001
0.034
0.01
0.036
0.031
0.073
0.07
0.024
0.009
0.016
0.018
0.017
0.026
0.012
0.048
0.05
0.068
0.039
0.02
0.023
0.042
0.014
0.001
0.021
0.04
0.079
0.018
0.055
0.038
0.045
0.006
0.03
0.02
0.035
0.07
0.053
0.06
0.004
0.029
0.104
0.058
0.073
0.03
0.041
0.004
0.017
0.104
0.038
0.039
0.051
0.037
0.04
0.025
0.043
0.042
0.041
0.03
0.04
0.012
0.022
0.015
0.06
0.059
0.072
0.076
0.006
0.103
0.103
0.026
0.04
0.001
0.031
0.073
0.138
0.027
0.032
0.056
0.037
0.041
0.133
0.03
0.038
0.044
0.041
0.021
0.028
0.036
0.07
0.003
0.003
0.065
0.046
0.021
0.045
0.046
0.012
0.033
0.001
0.024
0.031
0.153
0.063
0.105
0.03
0.134
0.003
0.097
0.039
0.024
0.02
0.005
0.077
0.004
0.034
0.037
0.105
0.072
0.075
0.015
0.031
0.009
0.049
0.027
0.022
0.03
0.039
0.031
0.028
0.029
0.0
0.036
0.001
0.073
0.076
0.073
0.001
0.078
0.001
0.031
0.229
0.051
0.037
0.065
0.045
0.047
0.019
0.078
0.021
0.102
0.025
0.045
0.033
0.086
0.013
0.072
0.089
0.022
0.025
0.057
0.116
0.051
0.039
0.043
0.041
0.085
0.042
0.039
0.031
0.07
0.148
0.047
0.119
0.093
0.064
0.085
0.036
0.046
0.033
0.132
0.02
0.034
0.008
0.027
0.054
0.037
0.096
0.031
0.02
0.018
0.03
0.023
0.032
0.019
0.024
0.058
0.021
0.04
0.005
0.191
0.013
0.009
0.009
0.007
0.04
0.063
0.031
0.024
0.059
0.102
0.033
0.048
0.064
0.006
0.115
0.004
0.059
0.003
0.046
0.021
0.025
0.004
0.052
0.037
0.037
0.097
0.038
0.029
0.14
0.031
0.011
0.021
0.06
0.035
0.022
0.023
0.032
0.154
0.025
0.122
0.037
0.003
0.026
0.018
0.054
0.058
0.014
0.143
0.012
0.053
0.038
0.03
0.005
0.075
0.033
0.001
0.052
0.001
0.056
0.019
0.027
0.021
0.064
0.017
0.005
0.047
0.031
0.027
0.051
0.077
0.024
0.035
0.013
0.014
0.012
0.03
0.011
0.046
0.03
0.052
0.041
0.03
0.026
0.041
0.035
0.026
0.048
0.047
0.013
0.125
0.051
0.02
0.003
0.039
0.052
0.033
0.02
0.075
0.047
0.065
0.066
0.005
0.133
0.065
0.051
0.013
0.036
0.01
0.039
0.056
0.022
0.039
0.105
0.023
0.037
0.049
0.033
0.124
0.008
0.011
0.01
0.011
0.011
0.006
0.004
0.006
0.003
0.06
0.024
0.061
0.049
0.009
0.121
0.019
0.002
0.072
0.007
0.099
0.007
0.047
0.057
0.024
0.031
0.098
0.09
0.034
0.015
0.031
0.051
0.011
0.036
0.035
0.031
0.016
0.013
0.03
0.016
0.041
0.026
0.171
0.015
0.029
0.014
0.05
0.068
0.112
0.014
0.042
0.032
0.016
0.048
0.049
0.016
0.029
0.018
0.001
0.05
0.035
0.029
0.03
0.061
0.058
0.034
0.028
0.019
0.095
0.018
0.077
0.0
0.057
0.007
0.051
0.031
0.036
0.022
0.028
0.049
0.079
0.088
0.04
0.021
0.041
0.006
0.035
0.016
0.038
0.055
0.052
0.059
0.032
0.064
0.044
0.042
0.078
0.068
0.023
0.026
0.064
0.038
0.017
0.048
0.029
0.019
0.026
0.025
0.053
0.029
0.003
0.024
0.092
0.135
0.025
0.048
0.002
0.077
0.03
0.061
0.025
0.008
0.068
0.069
0.031
0.021
0.022
0.03
0.162
0.014
0.017
0.03
0.017
0.122
0.018
0.05
0.126
0.066
0.004
0.18
0.018
0.009
0.011
0.052
0.109
0.058
0.015
0.017
0.035
0.027
0.038
0.045
0.139
0.019
0.053
0.199
0.069
0.077
0.071
0.033
0.021
0.023
0.016
0.039
0.037
0.059
0.021
0.034
0.035
0.036
0.039
0.086
0.041
0.017
0.048
0.049
0.136
0.031
0.023
0.021
0.111
0.019
0.03
0.021
0.018
0.041
0.019
0.004
0.019
0.018
0.061
0.033
0.044
0.02
0.058
0.066
0.019
0.019
0.033
0.046
0.011
0.013
0.044
0.061
0.057
0.022
0.066
0.048
0.068
0.053
0.143
0.029
0.076
0.042
0.011
0.03
0.033
0.051
0.019
0.023
0.047
0.003
0.026
0.0
0.139
0.076
0.166
0.011
0.1
0.213
0.087
0.022
0.015
0.007
0.106
0.022
0.014
0.041
0.035
0.08
0.032
0.025
0.103
0.02
0.057
0.048
0.119
0.029
0.193
0.001
0.082
0.019
0.032
0.014
0.042
0.008
0.073
0.048
0.053
0.161
0.025
0.004
0.041
0.06
0.0
0.004
0.029
0.005
0.014
0.023
0.066
0.094
0.022
0.162
0.063
0.027
0.1
0.025
0.018
0.026
0.012
0.038
0.087
0.064
0.01
0.055
0.022
0.0
0.049
0.058
0.126
0.036
0.016
0.04
0.044
0.048
0.078
0.001
0.003
0.024
0.031
0.083
0.066
0.071
0.003
0.023
0.079
0.005
0.05
0.078
0.042
0.006
0.007
0.009
0.054
0.05
0.049
0.049
0.014
0.0
0.036
0.033
0.036
0.077
0.087
0.093
0.048
0.066
0.074
0.044
0.017
0.041
0.017
0.039
0.028
0.056
0.03
0.05
0.035
0.004
0.011
0.021
0.035
0.076
0.028
0.055
0.024
0.022
0.03
0.096
0.047
0.221
0.022
0.013
0.04
0.029
0.051
0.026
0.025
0.016
0.021
0.009
0.22
0.047
0.085
0.027
0.022
0.019
0.022
0.032
0.002
0.037
0.009
0.04
0.02
0.072
0.045
0.044
0.0
0.026
0.145
0.028
0.031
0.054
0.025
0.038
0.054
0.174
0.034
0.027
0.076
0.041
0.01
0.05
0.051
0.056
0.05
0.041
0.04
0.018
0.041
0.011
0.042
0.011
0.073
0.029
0.07
0.018
0.026
0.121
0.026
0.205
0.045
0.013
0.023
0.032
0.123
0.044
0.13
0.018
0.019
0.108
0.002
0.029
0.01
0.071
0.013
0.044
0.028
0.032
0.03
0.038
0.025
0.027
0.072
0.06
0.052
0.048
0.121
0.009
0.022
0.024
0.021
0.015
0.024
0.021
0.023
0.014
0.041
0.01
0.146
0.026
0.024
0.037
0.068
0.027
0.045
0.118
0.093
0.053
0.007
0.056
0.024
0.047
0.089
0.01
0.019
0.037
0.065
0.06
0.097
0.118
0.035
0.034
0.039
0.011
0.022
0.008
0.056
0.028
0.096
0.033
0.017
0.027
0.011
0.01
0.021
0.008
0.082
0.009
0.069
0.011
0.018
0.006
0.049
0.051
0.009
0.076
0.001
0.001
0.02
0.02
0.05
0.032
0.092
0.033
0.011
0.022
0.021
0.0
0.019
0.044
0.052
0.06
0.016
0.052
0.01
0.025
0.082
0.025
0.041
0.023
0.043
0.032
0.004
0.016
0.037
0.024
0.018
0.122
0.027
0.024
0.068
0.017
0.044
0.051
0.046
0.067
0.043
0.063
0.044
0.012
0.159
0.057
0.056
0.055
0.042
0.109
0.012
0.011
0.005
0.0
0.005
0.021
0.018
0.023
0.04
0.049
0.029
0.029
0.019
0.033
0.031
0.005
0.123
0.053
0.044
0.047
0.025
0.004
0.022
0.12
0.039
0.056
0.016
0.008
0.02
0.026
0.084
0.036
0.173
0.009
0.027
0.029
0.052
0.055
0.06
0.051
0.028
0.038
0.027
0.023
0.106
0.004
0.046
0.1
0.095
0.061
0.022
0.135
0.025
0.056
0.015
0.173
0.009
0.009
0.032
0.123
0.037
0.148
0.045
0.035
0.014
0.027
0.014
0.068
0.07
0.013
0.041
0.033
0.127
0.006
0.035
0.019
0.025
0.023
0.014
0.013
0.04
0.032
0.093
0.042
0.07
0.04
0.042
0.061
0.018
0.081
0.039
0.044
0.046
0.114
0.019
0.016
0.05
0.033
0.076
0.004
0.053
0.063
0.012
0.001
0.029
0.013
0.048
0.032
0.029
0.0
0.045
0.026
0.021
0.008
0.039
0.041
0.076
0.007
0.024
0.104
0.037
0.037
0.017
0.036
0.167
0.038
0.0
0.028
0.051
0.063
0.004
0.051
0.088
0.039
0.086
0.017
0.007
0.043
0.039
0.001
0.016
0.011
0.051
0.019
0.094
0.036
0.028
0.008
0.006
0.036
0.0
0.017
0.094
0.047
0.02
0.005
0.042
0.02
0.021
0.013
0.06
0.0
0.052
0.024
0.026
0.102
0.023
0.03
0.03
0.05
0.009
0.083
0.012
0.021
0.035
0.011
0.047
0.024
0.006
0.052
0.016
0.084
0.074
0.101
0.069
0.031
0.078
0.054
0.015
0.045
0.047
0.026
0.024
0.001
0.06
0.032
0.037
0.01
0.056
0.019
0.056
0.02
0.015
0.046
0.013
0.056
0.036
0.027
0.003
0.016
0.039
0.059
0.017
0.024
0.069
0.008
0.007
0.054
0.058
0.019
0.022
0.06
0.027
0.063
0.02
0.04
0.018
0.009
0.008
0.035
0.069
0.075
0.023
0.054
0.187
0.037
0.003
0.003
0.053
0.027
0.006
0.121
0.038
0.006
0.063
0.137
0.131
0.007
0.078
0.017
0.134
0.0
0.044
0.203
0.017
0.01
0.034
0.014
0.128
0.031
0.036
0.009
0.042
0.041
0.061
0.082
0.125
0.037
0.014
0.016
0.008
0.009
0.049
0.019
0.15
0.009
0.024
0.094
0.018
0.018
0.054
0.027
0.034
0.037
0.06
0.027
0.076
0.14
0.04
0.043
0.024
0.002
0.014
0.024
0.157
0.042
0.04
0.009
0.056
0.042
0.035
0.003
0.016
0.049
0.016
0.103
0.015
0.071
0.072
0.06
0.025
0.062
0.023
0.02
0.016
0.024
0.027
0.029
0.127
0.053
0.058
0.019
0.05
0.105
0.045
0.088
0.09
0.022
0.006
0.002
0.086
0.003
0.081
0.021
0.008
0.036
0.075
0.022
0.019
0.179
0.045
0.025
0.056
0.03
0.042
0.017
0.078
0.028
0.037
0.048
0.05
0.063
0.014
0.043
0.015
0.022
0.024
0.023
0.024
0.026
0.027
0.026
0.015
0.011
0.019
0.008
0.022
0.013
0.0
0.035
0.048
0.036
0.031
0.029
0.039
0.017
0.058
0.012
0.163
0.001
0.011
0.062
0.148
0.034
0.032
0.028
0.027
0.003
0.074
0.059
0.032
0.046
0.011
0.121
0.103
0.0
0.054
0.086
0.056
0.012
0.052
0.03
0.011
0.076
0.128
0.117
0.061
0.043
0.007
0.004
0.049
0.014
0.007
0.019
0.056
0.004
0.018
0.057
0.025
0.037
0.112
0.057
0.032
0.009
0.017
0.182
0.019
0.013
0.139
0.075
0.021
0.017
0.027
0.09
0.048
0.076
0.025
0.021
0.001
0.031
0.018
0.009
0.025
0.014
0.028
0.027
0.022
0.055
0.002
0.01
0.001
0.048
0.039
0.033
0.014
0.223
0.004
0.054
0.018
0.042
0.042
0.067
0.029
0.007
0.171
0.039
0.088
0.065
0.027
0.0
0.195
0.02
0.163
0.006
0.027
0.034
0.003
0.042
0.022
0.152
0.028
0.03
0.031
0.023
0.005
0.035
0.001
0.022
0.062
0.014
0.037
0.078
0.147
0.049
0.025
0.038
0.003
0.007
0.012
0.039
0.137
0.034
0.005
0.171
0.062
0.018
0.033
0.052
0.171
0.046
0.071
0.034
0.104
0.041
0.046
0.039
0.013
0.064
0.051
0.045
0.009
0.026
0.061
0.012
0.044
0.053
0.035
0.035
0.036
0.026
0.037
0.044
0.009
0.012
0.01
0.037
0.104
0.006
0.1
0.149
0.078
0.022
0.011
0.027
0.006
0.026
0.004
0.04
0.136
0.02
0.0
0.075
0.001
0.018
0.076
0.053
0.004
0.103
0.04
0.049
0.001
0.024
0.215
0.045
0.104
0.023
0.022
0.047
0.018
0.01
0.025
0.0
0.101
0.003
0.178
0.066
0.056
0.056
0.046
0.023
0.046
0.012
0.029
0.007
0.103
0.032
0.03
0.013
0.043
0.001
0.013
0.074
0.063
0.026
0.092
0.017
0.009
0.02
0.02
0.031
0.019
0.015
0.054
0.01
0.032
0.013
0.032
0.013
0.003
0.034
0.027
0.053
0.049
0.0
0.031
0.001
0.027
0.029
0.024
0.017
0.113
0.081
0.03
0.016
0.02
0.024
0.021
0.129
0.052
0.07
0.061
0.129
0.056
0.052
0.037
0.049
0.04
0.009
0.001
0.018
0.053
0.042
0.109
0.034
0.015
0.046
0.19
0.009
0.037
0.0
0.009
0.013
0.033
0.053
0.073
0.024
0.021
0.058
0.052
0.114
0.016
0.005
0.074
0.014
0.034
0.144
0.105
0.186
0.075
0.01
0.003
0.017
0.048
0.044
0.003
0.06
0.139
0.021
0.039
0.004
0.009
0.016
0.129
0.032
0.023
0.035
0.03
0.021
0.08
0.046
0.041
0.018
0.022
0.045
0.04
0.006
0.066
0.017
0.029
0.023
0.067
0.063
0.001
0.059
0.022
0.039
0.046
0.102
0.104
0.09
0.015
0.02
0.037
0.035
0.024
0.01
0.035
0.053
0.12
0.041
0.031
0.01
0.027
0.031
0.04
0.024
0.011
0.026
0.035
0.043
0.042
0.016
0.018
0.041
0.042
0.033
0.041
0.081
0.165
0.054
0.037
0.072
0.013
0.158
0.014
0.02
0.056
0.029
0.092
0.037
0.074
0.066
0.094
0.081
0.091
0.104
0.05
0.019
0.001
0.04
0.037
0.038
0.196
0.014
0.0
0.006
0.029
0.073
0.041
0.009
0.014
0.058
0.051
0.01
0.02
0.019
0.022
0.014
0.062
0.032
0.015
0.023
0.035
0.017
0.009
0.075
0.014
0.037
0.024
0.003
0.049
0.009
0.002
0.033
0.034
0.05
0.023
0.08
0.03
0.073
0.014
0.003
0.055
0.035
0.001
0.013
0.105
0.021
0.012
0.027
0.066
0.105
0.066
0.036
0.071
0.041
0.046
0.022
0.04
0.026
0.042
0.046
0.028
0.071
0.037
0.04
0.022
0.004
0.038
0.04
0.025
0.061
0.014
0.012
0.025
0.0
0.099
0.079
0.042
0.08
0.018
0.069
0.028
0.165
0.05
0.059
0.019
0.019
0.028
0.03
0.003
0.027
0.013
0.036
0.01
0.049
0.046
0.026
0.021
0.011
0.024
0.03
0.059
0.078
0.033
0.018
0.031
0.018
0.003
0.037
0.025
0.096
0.062
0.08
0.069
0.03
0.074
0.01
0.051
0.114
0.183
0.025
0.052
0.042
0.033
0.022
0.052
0.021
0.031
0.026
0.05
0.013
0.002
0.074
0.071
0.004
0.043
0.031
0.011
0.056
0.027
0.045
0.041
0.035
0.03
0.021
0.031
0.067
0.036
0.0
0.095
0.069
