-4.912569778244211
-9.084536029358844
-0.1822953989927804
-3.144737857493498
-7.948311972092163
-3.993615641403678
-4.096063570532933
-3.8912159599452756
-11.810937578688328
-3.52555995804324
-3.3268472771308573
-4.200125983289895
-1.6940128992546832
-5.830098191312087
-1.5627249819641376
-3.560710656205166
-7.259985240544377
-5.610383145921077
-3.791284111110216
-1.972589956656124
-1.568433885009467
-0.9247882513661841
-3.596726667495133
-8.766346056054882
-3.596726667495133
-3.596726667495133
-7.69816772164756
-5.647135439162572
-5.333398328191317
0.5515090235046163
-0.8202073352631721
-2.4596219503690824
-1.7018547892738574
-5.053031653404417
-4.0126994662068
-6.285547789801437
-4.459709634058281
-3.558736335213056
-3.3780338711258913
-4.466289871288006
-4.944874821229731
0.565931150753519
-7.402537736030799
-7.609092306962361
-4.261868287330192
-10.16961299348234
-2.658334631281466
-3.1103234412831005
-9.286637737957697
-4.49772358008923
-2.2855922502321984
-0.834629462512063
-5.379754127420353
-0.8289205594666548
-2.4294498943573113
-1.4953002183423563
-7.4448915925583075
-2.6936203816761584
-3.6271365529882007
-3.8155883803739874
-5.719411312280058
-1.9810531310767605
-3.246314452438458
-5.446790185644924
-6.100833358694103
-1.9810531310767605
-5.435963127179034
-6.148581715425251
-4.267577190375621
-6.089966731135699
-2.4294498943573113
-2.0833180693476767
-2.9076109668551835
-6.099124249164206
-4.267577190375621
-12.255084498670783
-0.3826406525104264
-0.834629462512063
-2.4245787666574823
-12.255084498670783
-3.3491774431234504
-1.2743291322385994
-4.002011921011217
-4.256997159630363
-6.852393769610704
-2.1761737652680604
-3.1673058529673885
-9.021072468593294
-8.163091526363349
-3.0822843722450783
-4.253155063126719
0.2696934110088581
-4.501746933866526
-1.3562738528758682
-6.498560116027531
-6.7375365998030725
-9.450340793997176
-1.2498659792722635
-1.1098648377781082
-3.548207068631768
-8.100083267037702
-6.830814837399182
-7.9047222925791205
-5.027697166253778
-3.52555995804324
-10.443130248629249
-3.6011975314999805
-1.33765395167127
-2.2407602374902282
-5.160103445449337
-5.616963383150801
-1.7018547892738574
-5.196017963345233
-7.931542642137088
1.0179199607551532
-1.9759752219484306
-1.5290643210748767
-3.5557320140550117
-4.078887533508538
-12.18317809622692
-6.093415346118779
-4.897593261406947
-2.9479921337964017
-0.042294257498670634
-6.522650112683967
-5.442933683013917
-4.464688276208436
-2.9086225698617874
-2.774333353475329
0.9272620159143787
2.841625129524562
-3.596726667495133
-4.542812565641655
-5.64229787030144
-4.575708356252144
-4.65211479329153
-4.934345554648442
-5.706524849107143
-4.5374565807398985
-1.1107361719624385
-4.151163406626023
-3.5264312922275356
-4.0869672530090115
-5.141382754367119
-7.9793553622882305
-1.382485964413318
-3.7481371732882596
-4.691103053895381
-4.079758867692834
1.3840821045746974
-4.124590880434803
-1.355299076848197
-3.3268472771308573
-5.68836792208399
-2.877438910843412
-6.545404156120413
-4.815433692276788
-5.588500436668925
0.932093294573063
-1.973211241057344
-3.778836087132491
-4.919540334079092
-5.531797189522648
-5.325556438172139
-3.118165331302278
-0.17396922525423236
-5.380625461604649
0.7646438316659016
-1.1020229477589376
-6.435774809525918
-5.706524849107143
-2.496874657979063
-2.3992778383455398
-1.0751925738823316
-3.1247455685320022
-4.712985763147532
-6.7375365998030725
-0.790035279251402
-4.994801375643289
-1.979170193885797
0.3126550216642657
-1.718476052221177
-3.3527694898442446
-2.400986947875436
-2.4245787666574823
-5.830969525496381
-3.671730736248874
-2.614057392616727
-2.532735598832168
-3.081413038060783
-6.521812337338365
-3.46117637180178
-0.7742853504885412
-4.0974039928697445
-6.300841251234636
-6.852393769610704
-1.348431962856758
-4.078887533508538
-6.08770644307335
-6.092544011934483
-12.00679558130713
-5.273131405323851
-7.479553832135454
3.2936139395261965
-1.2420240892530878
-1.9630389571071793
-2.3489170696649135
-1.7809295374696703
-7.69503584300291
-4.123719546250507
-3.977548768044874
-2.433041941078106
-4.117139309020783
0.49476444130162583
-2.6613389524395106
-4.749367136573215
-1.7887714274886377
-5.333515198049779
-2.614057392616727
-5.333398328191317
-3.772703306643209
-4.429537578046509
-4.589476784362583
-3.320714496641574
-3.52555995804324
-9.054134151652464
-2.1538435992754663
-7.6803173609924
-1.077946845257519
-3.31900538711168
-3.534273182246713
-6.237492818053046
-3.1838609671900384
-2.3992778383455398
-8.140148061013216
-12.33834139114183
-3.5321401952729645
-0.32229654048688217
-9.358913611075183
-1.7887714274886377
-1.8072878868498565
-6.292999361215458
-7.164945386979903
-4.466289871288006
-6.038780137140663
-3.778836087132491
0.5572179265500449
-7.879944344202838
-7.410379626049978
-5.164974573149166
1.485658699519658
-3.0735711480416055
-3.778836087132491
-7.289602522478918
-7.696125815035583
-6.418461105789526
-3.5264312922275356
-3.1751477429865655
-2.0138424577813607
-4.150292072441727
-3.220613260431534
-4.542812565641655
-4.719566000377257
-7.879944344202838
-4.687484643208379
-4.881409518189683
-5.838323174651713
-2.279883347186769
1.9376475095212926
-10.062647412370787
-1.7386070825153632
-5.578832567261391
-7.862368436051612
-3.778836087132491
-5.254536039105509
-7.6881592510115775
1.9376475095212926
-5.79334589807059
-5.341357088068956
-4.123719546250507
-2.0750378857851044
-1.7687791385271054
-11.761361342237057
-7.43495964887478
-2.8009058796665482
-7.106387573642334
-7.442725011941504
-8.150386353343803
-6.729694709783893
-2.247340474719953
-1.253595602389798
-5.816937716852636
2.7400485345796013
-1.1020229477589376
-7.189525409804706
0.932093294573063
-2.2592766968514355
-1.9717521813104664
-1.173189657210845
-6.55111305916584
-4.5480523805345685
-6.64868986059527
-3.564445238258484
-1.5212224310556663
-8.132306170994037
-5.390283394001641
-7.2461789116459245
-4.817142801806684
-4.230824897134125
-11.810937578688328
-2.876567576659118
-6.099995583348503
-6.745378489822248
-3.0888646094748036
-3.0735711480416055
-3.118165331302278
-2.9007806798426103
-9.90803850704424
-6.29996991705034
-5.578832567261391
-3.1368959674743206
-4.365153991805049
-2.2407602374902282
-1.9708808471260162
-5.578949437119852
-1.0770755110732302
-3.4752419853622345
-5.196017963345233
-2.146001709256289
-1.827894537185307
-3.238472562419281
-4.0098538110303945
-7.198238634008178
-6.545404156120413
-6.76511920151142
-3.0962182586301323
-2.260985806381331
-4.928636651603013
-3.3285563866607517
-3.548207068631768
-2.496874657979063
-12.255084498670783
-4.944874821229731
-2.217168418708181
-3.755244268350445
-2.465831267782995
-3.533401848062417
-8.144447628603766
-2.1761737652680604
-4.093547490238737
-2.2592766968514355
-7.64151421980634
-3.564445238258484
-6.555336099803941
-4.363444882275153
-4.817142801806684
-1.5254722743541178
-4.897593261406947
-1.7254466080559412
-3.533401848062417
2.841625129524562
-1.7254466080559412
-7.616934196981538
-4.255288050100469
-1.4953002183423563
-2.532735598832168
3.2936139395261965
-4.65211479329153
-3.539982085292142
-2.4294498943573113
-2.629424228059148
-5.309635875198599
-1.7254466080559412
-3.539982085292142
-7.616934196981538
-2.9424063272000356
-5.473977073209984
-6.364166070667351
-5.917014829526848
-2.622453672224266
-4.253155063126719
-3.993615641403678
-1.973211241057344
-0.352468596498658
-2.6215823380399703
-5.20135594657485
-5.325556438172139
-3.399980943798036
-7.703967705054761
-7.402537736030799
-2.332410363518615
-3.8155883803739874
-3.3921390537788585
-3.081413038060783
-7.696125815035583
-3.118165331302278
-3.363599570372352
-2.978144171604078
0.10522911654840936
-1.5923891405077233
-1.627048869299134
-1.9708808471260162
-4.95373574386816
-1.2498659792722635
-2.1905958925169626
-0.7978771692705822
-0.1652560010507605
-6.29996991705034
-1.9708808471260162
-2.169593528038336
-2.2592766968514355
-2.7310008230041087
-7.702877733022089
-2.9244003150143545
-2.6302955622434436
-4.0126994662068
-6.800861419235788
-3.266560039533655
-2.7951969766211193
-1.6313292593462179
-1.382485964413318
-0.625086701071573
-5.20135594657485
-0.3380464692497561
-1.8804215535171138
-2.1905958925169626
-1.972589956656124
-3.363599570372352
-4.9116984440599145
-5.830098191312087
3.2936139395261965
-0.4785083444099682
-2.1761737652680604
-3.3285563866607517
-2.8748584671292217
-4.977156250466378
-2.629424228059148
-2.8670165771100438
-6.990812728892323
-3.0735711480416055
-7.157103496960725
-2.605832409277101
-7.886077124692119
-2.487205666889206
-2.178306752241809
-5.815676064063184
-6.275506764083997
-2.20847880825358
1.4554866435078868
-1.827894537185307
-2.0771672772140763
-4.459709634058281
-8.150156531649195
-3.8090081431442626
-1.382485964413318
-3.778836087132491
-3.3268472771308573
-2.416736876638305
-0.32229654048688217
-8.424763935060142
-3.6277700576911993
-1.519763371308712
-3.193426372866475
-5.641426536117144
-7.72734088598843
-2.1704648622226315
-12.48073146398091
-5.165845907333462
-6.400404959609069
-0.8612019887033082
-5.5867913271390295
-7.4448915925583075
-12.346183281161007
-4.501746933866526
-6.093415346118779
-6.984679948403042
-4.085467770738262
-6.887763619527553
-6.2295340581754095
-7.452733482577487
-1.6940128992546832
-6.068952193152435
-3.612625856163221
-3.1103234412831005
-6.555336099803941
-1.1164450750078607
2.841625129524562
-2.184015655287238
-5.173263919908786
-3.6454151828681103
-5.471606256754938
-2.1848869894715337
1.3840821045746974
-2.913319869900613
-4.253155063126719
-8.567267616213842
1.0100780707359758
-1.7744985601450163
-5.83926788284523
-2.1848869894715337
-0.6587473619607602
-6.260967766976633
-1.131239236884304
-4.599556814664714
-8.996992408947397
-4.998396444426301
-2.0138424577813607
0.07505706053663877
1.0092067365516801
-4.569999453206715
-7.6881592510115775
-9.04207483307192
-4.079758867692834
-4.0497581238648905
-7.862368436051612
-4.118010643205079
-5.895305586336
-10.41197514946188
-3.7805451966623864
-7.8545265460324325
-3.52555995804324
-6.093415346118779
-6.093338819166324
-5.357107016831825
-1.0692336210540467
-3.4222910915865343
-3.533401848062417
-0.8044574065002962
-8.171487805970889
-9.499772546118981
-6.291256692846866
-8.678405155797702
-1.732026845285669
-3.6415586802371025
-0.14104289786726515
-2.9481152302454645
0.3126550216642657
-5.635717633071715
-3.2528946896681825
-3.80417057428313
-4.255288050100469
-2.672756758530368
-0.3380464692497561
-3.435004109305541
-0.32229654048688217
-4.200125983289895
-3.953956949262827
-4.712985763147532
-4.687484643208379
-1.7018547892738574
-3.4205819820566403
-5.610383145921077
-9.274348597682543
-5.68836792208399
-2.184015655287238
-4.437762561386134
-3.3268472771308573
-1.717604718036845
-1.3167903285255136
3.2936139395261965
-7.8545265460324325
-3.550023111009583
2.841625129524562
-2.1774354180575135
-1.5239864119467463
-3.785416324362216
-4.881409518189683
0.5580892607343403
-4.745738262873493
-5.442933683013917
-5.126843757259756
-1.5290643210748767
-3.4769510948921285
-6.109056192847734
-7.157103496960725
-2.400986947875436
1.4554866435078868
-2.691511008451282
-8.330540989270512
-2.3992778383455398
-0.5107897736466069
-3.8090081431442626
-1.2582595460095196
-4.9620120489384
-2.7310008230041087
-3.518035012619996
-2.217168418708181
-7.164945386979903
-8.359939633356676
-2.228196479676441
-6.100833358694103
0.5816810795163884
0.31094591213437034
-6.099995583348503
-5.446790185644924
-7.8545265460324325
-4.299458355917287
-3.533401848062417
-2.3489170696649135
-3.597769313863257
-4.467551524077458
-6.210766664154089
-4.920411668263388
-2.3992778383455398
-7.940470082072985
-3.52555995804324
-1.1107361719624385
-2.4579893777638175
-1.3225097501433076
-2.605832409277101
-2.6302955622434436
-4.873567628170505
0.90763014160672
-5.641426536117144
-1.8072878868498565
-3.52555995804324
-2.4294498943573113
-4.530876343510173
-5.647135439162572
0.7216822210104932
-1.2420240892530878
1.003497833506252
-4.712985763147532
-2.2093501424378768
-12.33834139114183
-4.712985763147532
-7.8877862342220135
-2.9116107603707184
-4.65211479329153
-2.431159003887207
-7.8545265460324325
-4.024659031599744
-7.165762294754745
-4.24327292111185
-1.077946845257519
-0.7978771692705822
-8.808699912582389
-3.6060456189334955
-2.7231589329849313
-3.844127863780494
-1.2809093694682827
-4.749738056389027
-1.043311408340671
-7.009682106397201
-3.778836087132491
-3.428423872075818
-7.862368436051612
-4.3341306198130765
-3.977548768044874
-2.93919447689084
-4.897593261406947
-1.2420240892530878
-2.8748584671292217
-3.11245642825685
-4.269286299905516
-12.346183281161007
-7.886077124692119
-3.428423872075818
-7.64151421980634
-6.093415346118779
-2.9872956893509452
-2.9847244088338014
-3.8519697537996715
-0.8722300496715659
-7.616934196981538
-3.3268472771308573
-1.3053725224346937
-2.7129746163829647
-5.450385254427936
-11.753519452217878
-0.346759693453231
-4.712985763147532
-4.459709634058281
-4.437762561386134
-3.72934665263616
1.1736710310121283
-6.797400630748071
-2.184015655287238
-5.610383145921077
-3.571025475488209
-4.0408972012264615
-7.179484384087265
-9.458182684016352
0.30248273771374734
-3.518035012619996
-1.9816841249941737
-1.7027261234582718
-3.367191617093147
-5.158394335919442
-3.220613260431534
0.3126550216642657
-2.605832409277101
-12.33834139114183
-7.896880402559941
-3.564445238258484
-4.029331142186263
-2.178306752241809
-1.0836557483029323
-3.5098100292803704
-4.343204769946909
-12.33834139114183
-3.52555995804324
-3.90574716922809
-5.134802517137395
-3.131933759412719
1.9131843565549498
-4.88936827806732
-4.437379468065687
-6.52094100315407
-4.016434048260119
-2.146001709256289
-6.253125876957456
1.0100780707359758
-1.7887714274886377
-3.066046202618361
-4.002011921011217
-9.105637481985932
-4.154762936446574
-3.539982085292142
-7.8877862342220135
-7.195234312850135
-3.5701541413039135
-5.903147476355177
-1.9708808471260162
-0.5913225983390054
-4.721275109907152
-5.612092255450972
-2.465831267782995
-6.464871331428015
-6.269309620174721
-3.695579194661445
-5.793728991391039
1.0092067365516801
-7.8877862342220135
-7.9047222925791205
-5.0161757747495
-8.163091526363349
-3.3521817642814953
-2.184015655287238
-2.184015655287238
-12.17533620620774
-3.8887020288370713
-0.8705209401416435
-2.2592766968514355
-3.7048834996698177
-5.438948295625747
-5.0161757747495
-10.899118068665882
-5.831742937421988
-4.1374879743609485
-5.051545624666349
-3.0735711480416055
-6.987193879511245
2.2880597245779666
-4.881409518189683
-4.68281370713576
-7.69268864029674
2.389636319522927
-4.744029153343598
-2.0138424577813607
-1.253595602389798
-1.724184955266576
-2.6215823380399703
-8.596436438605402
-3.7805451966623864
-1.355299076848197
-0.20675855195912343
-4.589476784362583
-9.610658602369153
-3.1190366654865733
-0.8144984322177289
-3.3606113798634225
-1.7018547892738574
-4.589476784362583
-4.861380471378909
-1.7027261234582718
-2.876567576659118
-5.364948906851002
-5.405724553869796
-6.296342546852109
-4.0155627140758225
-5.379754127420353
-2.217168418708181
-3.31900538711168
-1.2262741604901783
-4.461842621032029
-7.368848951431285
-1.7896427616731276
-5.325556438172139
-3.0578212192787357
-4.0155627140758225
-3.80500834962873
-4.9620120489384
-8.132306170994037
-3.913165181803414
-5.371529144080728
-6.549627196758512
-5.438948295625747
-0.352468596498658
-4.952693097500036
-4.539339156331095
-3.603306904724857
-3.778836087132491
-3.433518246898211
-0.834629462512063
-4.260996953145897
-1.7573613324362878
0.11394234075188274
-11.80309568866915
-7.879944344202838
-7.458442385622914
-4.253155063126719
-3.6060456189334955
-3.576734378533638
-4.028723188535271
-4.480711998536907
2.7400485345796013
-2.5025835610244913
-4.07317863046311
-7.9793553622882305
-5.706524849107143
-3.8090081431442626
-5.847109772864408
-6.654398763640697
-5.8344303139840985
-6.799045376857973
-2.2150590454833035
0.5515090235046163
-7.733921123218157
-2.2264873701465446
-5.732200866923694
-5.333398328191317
-6.306550154280063
-6.103347289802305
0.09952021350298061
0.45564133160508496
-5.0161757747495
-5.15226155543016
0.3126550216642657
-0.34588835926892936
-1.272196145264851
0.5580892607343403
-3.809879477328559
-3.778836087132491
0.10610045073270376
-2.8512666483471754
-1.5254722743541178
-5.466135183190807
-3.5321401952729645
-5.364558588245846
-4.687484643208379
-11.358948768686691
-5.5867913271390295
-9.745206785189056
-8.343160309516149
-5.612092255450972
-4.708114635447703
-2.669157228709816
-6.7375365998030725
-10.161314636133492
-2.1620685826150923
-5.959118646632562
-5.160137004288033
-3.634978443007378
-3.6277700576911993
-4.249155269611186
-2.431159003887207
-0.8223403222369129
-5.473977073209984
-6.278022844378193
-3.782187793586294
-3.782187793586294
-3.782187793586294
-5.68836792208399
-2.2592766968514355
-3.5701541413039135
-3.11245642825685
-2.0771672772140763
-1.8116563675585493
-3.5954886284545515
-4.445604451405312
-4.994801375643289
-4.928636651603013
-3.0735711480416055
-6.729694709783893
-1.561853647779854
-2.465831267782995
-3.1751477429865655
-2.4904175171984018
-4.687484643208379
-3.193426372866475
-4.156872309671452
-5.838323174651713
-2.050594751022856
-4.897593261406947
-4.599556814664714
-7.402537736030799
-3.066046202618361
-6.972929813155706
0.932093294573063
-5.013037209523579
-2.4579893777638175
-1.7263179422403159
-4.40565825519533
0.31094591213437034
-6.538747391938235
-7.632800995602868
-4.467551524077458
-3.3268472771308573
-2.8512666483471754
-11.80309568866915
-4.501746933866526
-1.9472890283442124
-4.474131761307183
-2.272041457167592
-3.985773751384501
-2.178306752241809
-5.893660840226098
-4.65211479329153
-5.333515198049779
-3.1434998184529177
-4.65211479329153
-0.9462718775019614
-4.505175151503249
-2.0352168568875704
-6.316884510844566
0.004523855787743722
-6.094286680303074
-3.6991745966243887
-6.600634888846877
0.5580892607343403
-6.152804756063349
-4.564186964747864
-7.719498995969254
-2.422869657127588
-6.293389679820614
0.1296922695147529
-4.04660610427189
-6.068952193152435
-1.2507373134565298
-2.1774354180575135
-5.641426536117144
-2.487205666889206
-2.1538435992754663
-2.0352168568875704
-2.465831267782995
-5.466525501795963
-0.8016067923881416
0.5580892607343403
-7.9306713079527915
-3.542498165586339
-6.068952193152435
-3.785416324362216
-3.8032992400988337
-4.40565825519533
-3.3595997768568195
-3.3268472771308573
-8.101728013147602
-4.454000731012852
-4.90511820683019
-12.262926388689962
-4.873567628170505
-5.190309060299804
-2.8748584671292217
-1.9774610843556848
-4.334110601608981
-6.068952193152435
-6.784181631008308
-2.3992778383455398
-3.182989633005743
-3.913165181803414
0.49476444130162583
-4.919540334079092
-6.400404959609069
-5.493454404365853
-6.103347289802305
-1.9774610843556848
-4.5596184772146415
0.5580892607343403
-1.4953002183423563
-3.846383947203305
-6.53098202887151
-3.3334275143605807
-1.9810531310767605
-5.39599229704707
0.27801958474740585
-4.461842621032029
-2.876567576659118
-3.844127863780494
-2.3992778383455398
-2.711265506853069
-5.442933683013917
-2.987238339942006
-4.501746933866526
-0.8289205594666548
-3.081413038060783
1.206460357717018
-3.1368959674743206
-3.539982085292142
-2.8748584671292217
-6.305678820095767
-3.770994197113313
-4.547181046350272
0.3126550216642657
-4.101772473578362
-1.5271813838839927
-4.052315007317318
-1.6782629704918797
-1.2420240892530878
-3.778836087132491
-4.207233078352078
-1.972589956656124
-6.92256904447508
-2.41502776710841
-3.6854991643593134
-3.6454151828681103
-7.442725011941504
-6.547984599834604
-4.022142951305547
-3.7805451966623864
-2.0060005677621833
-0.8044574065002962
-6.417321235085649
-6.275889857404445
-3.9919708952937767
-5.578832567261391
-2.6661765213006436
-3.118165331302278
-2.487205666889206
-4.714694872677427
-5.349582071408581
-7.157103496960725
-3.4301329816057122
-2.1761737652680604
-0.9304971544115914
1.0336698895180236
-2.1538435992754663
-2.0352168568875704
-8.889963587851751
-6.53882391889069
-2.146001709256289
-4.235495833206744
-1.2420240892530878
-4.179034206146195
-1.1164450750078607
-3.558736335213056
-2.220767948528733
-5.6413500091646895
-4.708735919849148
-2.184015655287238
-2.715317042965754
-6.852393769610704
-4.007720824056645
-4.273786507789533
-0.346759693453231
-1.8344747744151169
-6.5519843933501365
-4.599556814664714
2.841625129524562
-5.20135594657485
-2.256659426158316
0.3126550216642657
-4.464688276208436
-5.910434592297125
-5.711959740866037
-5.159265670103737
-2.7375810602338326
0.272310681701977
-6.100833358694103
-4.09911310239964
-2.5979905192579236
-7.69503584300291
-5.164974573149166
-4.897593261406947
-5.612092255450972
-4.464688276208436
0.09952021350298061
2.7400485345796013
-0.34588835926892936
-8.408525765433422
-8.828068690726338
-9.979271749709515
-4.496461927299776
-4.706405525917807
-2.2150590454833035
-3.43922714994364
-0.3712228464195734
-2.487205666889206
-7.648094457036067
-5.39385931007332
-4.749738056389027
-2.4294498943573113
-4.256747109847514
0.5816810795163884
-3.8821217916073465
-2.7414375628648404
-2.6302955622434436
-11.894194471159373
-0.834629462512063
-1.5540117577606365
0.45564133160508496
-4.0098538110303945
-3.7871254338921108
-5.5867913271390295
-11.894194471159373
-5.801570881410217
-1.8072878868498565
-3.0735711480416055
-3.081413038060783
-3.1814901507349926
-3.0735711480416055
-7.89471382194314
-7.164945386979903
-3.548207068631768
-7.862368436051612
-7.217881423438663
-5.647135439162572
-6.705114686959091
-0.32229654048688217
-6.297836930076589
0.44248387920785365
-4.459709634058281
-2.636875799473168
-1.6940128992546832
-0.806102152610188
-5.653715676392296
-5.917014829526848
-4.312183547140932
-0.790035279251402
-2.422869657127588
-7.896880402559941
-3.678310973478598
-4.65211479329153
-6.202924774134911
-6.729694709783893
-4.815433692276788
-3.7805451966623864
-4.873567628170505
-8.60214534165083
-7.473421051646171
-4.260996953145897
3.2936139395261965
-4.0495868116810625
-3.31900538711168
-5.051545624666349
-10.679356461204097
-6.972929813155706
-4.895948515297046
-10.906959958685057
-3.149208721498345
-4.230824897134125
-2.711265506853069
-6.52094100315407
1.3840821045746974
-6.094253121464377
0.5572179265500449
-12.262926388689962
-2.8790815077673204
-1.4953002183423563
-1.4953002183423563
-2.3432081666194846
-1.973211241057344
-5.333398328191317
-5.325556438172139
-2.6302955622434436
-8.314357246053246
-4.90511820683019
-0.9362060574570266
-3.9919708952937767
-0.34961798238649355
-3.778836087132491
-3.113327762441146
-5.887951937180669
-5.758777854152454
-3.118165331302278
-4.297749246387393
-0.6946083028138696
-1.3881948674586833
-5.325556438172139
-2.4294498943573113
-3.3268472771308573
-5.610383145921077
-4.881526388048143
-2.400986947875436
-2.6215823380399703
-5.0161757747495
-1.4970093278722092
-3.8455126130190096
-8.13322047329209
-0.8758619454334854
-5.617834717335097
-4.0155627140758225
-8.185038599035495
-6.800861419235788
0.10522911654840936
-4.994801375643289
-3.0905093555847043
-4.2635773968600885
-6.506402006046707
-2.4412669244177314
0.3126550216642657
-3.1046145382376724
-1.3580228114469453
-2.178306752241809
-2.487205666889206
-3.43922714994364
-1.724184955266576
-3.5508944451938786
-0.8612019887033082
-4.467551524077458
-2.3992778383455398
-2.9007806798426103
-4.235495833206744
-0.6587473619607602
-0.7978771692705822
-7.862368436051612
-2.332410363518615
-3.081413038060783
-1.2498659792722635
-4.467551524077458
-4.07317863046311
-2.2150590454833035
-3.52555995804324
-5.853690010094133
-0.6578760277764587
-0.8232116564212155
0.5580892607343403
-3.8829931257916424
-1.9734612908402736
-1.561853647779854
-10.031390878393431
-7.648094457036067
-3.755244268350445
-4.267577190375621
-0.3380464692497561
-1.253595602389798
-5.578949437119852
-4.919540334079092
-1.355299076848197
-4.002011921011217
0.5580892607343403
-1.0677745613069836
-2.7414375628648404
-2.1761737652680604
-4.332401492079086
-4.815433692276788
-4.569999453206715
-2.488161433775589
-0.5418298086005279
0.10522911654840936
-1.7263179422403159
-2.8670165771100438
-3.578213666368924
-4.5480523805345685
-2.9488634679806975
-7.655936347055243
-2.044885847977428
-6.982970838873146
-5.965332425084014
-7.217881423438663
-2.5979905192579236
-2.9479921337964017
-5.164974573149166
-3.31900538711168
-5.5950163104786546
-5.706524849107143
-7.696125815035583
-2.178306752241809
-1.043311408340671
-2.8748584671292217
-3.8855070568998467
-4.561919733706239
-3.331518213203475
-3.3032554583488087
-5.357107016831825
-5.948416149607434
-2.1538435992754663
-7.640642885622046
-5.850062639895902
-5.373271812449318
-3.5321401952729645
-1.9774610843556848
-2.431159003887207
-3.778836087132491
-4.23740513436385
-2.5712643653589646
-2.6661765213006436
-5.435091792994739
-6.887763619527553
-2.200636918234403
-3.3268472771308573
0.02811567456978992
0.31094591213437034
-3.8172974899038823
-5.848852441233
-1.077946845257519
-2.9116107603707184
-3.4301329816057122
-1.272196145264851
-4.239114243893746
-4.233405340848317
-4.022142951305547
1.461195546553315
-4.905989541014486
-6.306550154280063
-3.977431898186414
-2.228196479676441
-4.467551524077458
-2.7943256424368235
-2.660467618255215
-3.3527694898442446
-5.809095826833459
-4.247446160081291
-5.795530147393949
-1.1164450750078607
-10.627237332520181
-1.973211241057344
-8.098267224659887
-3.533401848062417
-3.363599570372352
-1.7744985601450163
-6.748331356853742
-4.936161597026257
-2.9847244088338014
-3.399980943798036
-6.291256692846866
-0.790035279251402
-4.815433692276788
-0.2124674550045476
-5.719411312280058
-5.785387138192952
2.1104379777202875
-2.4294498943573113
-1.9774610843556848
-8.78911003650187
-2.4294498943573113
-3.121146038711451
-7.410379626049978
-6.48281018726466
-3.9853906580640515
-8.085106750200437
-1.2507373134565298
-5.832614271606284
-2.629424228059148
-4.510023238936765
-5.0161757747495
-4.561919733706239
1.625659841013763
-1.727189276424668
-4.705143873128354
-12.262926388689962
-1.5290643210748767
-1.4953002183423563
-2.2329183474710512
-7.656807681239539
-3.778836087132491
-1.732026845285669
-3.9853906580640515
-3.3268472771308573
-4.248981824157279
3.2936139395261965
-6.14122806626992
-5.602541255901899
-1.732026845285669
-3.52555995804324
-1.2743291322385994
-2.605832409277101
-1.2498659792722635
-3.3334275143605807
-7.717682953591438
-4.63332427263943
-6.435774809525918
-2.1620685826150923
-11.894194471159373
-3.0735711480416055
-5.333515198049779
-0.35411334260856225
-7.703967705054761
0.10237082761514395
-1.7630702354818
-2.4237409913118833
-3.081413038060783
-4.008592158240941
-4.906860875198782
-4.719566000377257
-4.262706062675792
-4.712985763147532
-2.1704648622226315
-1.2800380352840155
-3.3578906673269233
-3.089638021400409
-2.711265506853069
-7.69816772164756
-1.9774610843556848
-1.8089969963798744
-4.569999453206715
-5.719411312280058
-1.2800380352840155
-3.809879477328559
-6.545404156120413
-2.178306752241809
-3.5946172942702557
-4.986959485624111
2.841625129524562
0.09952021350298061
-5.6892392562682845
-3.785416324362216
-3.564445238258484
-5.6805260320648125
-4.096063570532933
-2.9847244088338014
2.841625129524562
-2.2093501424378768
-3.8455126130190096
-1.718476052221177
-3.501968139261193
-0.7978771692705822
-3.801166253125085
-5.496427339605799
-2.0443779505091864
-7.972775125058505
-2.5979905192579236
-7.6803173609924
-6.602279634956781
-1.5540117577606365
-5.164974573149166
-7.632800995602868
-0.806102152610188
-0.8223403222369129
-4.689393944365485
-1.2809093694682827
-5.5867913271390295
-6.6627554741557224
-0.834629462512063
-1.2866182725137145
-2.1704648622226315
-4.749738056389027
-3.6497836635767285
-5.051545624666349
-4.700970634158913
-2.8512666483471754
-1.625178467212455
1.3840821045746974
-7.4493817761236825
-3.785416324362216
-12.255084498670783
-4.474131761307183
-2.8748584671292217
-5.623543620380526
-4.260996953145897
-4.2645889998666915
-2.6215823380399703
-6.3845349304429755
-2.8512666483471754
2.841625129524562
-3.0735711480416055
-12.262926388689962
-1.0770755110732302
-5.356162308638306
-10.35985602077796
-5.825162700192263
-3.3334275143605807
-3.182989633005743
-4.445604451405312
0.31094591213437034
-4.712985763147532
-4.716577809868325
-1.7651796087067757
-2.4579893777638175
-4.04660610427189
-2.146001709256289
-3.97002382262163
-5.041465594364217
-1.2420240892530878
-3.6060456189334955
-1.2420240892530878
-1.732026845285669
-8.13322047329209
-7.9047222925791205
-2.8512666483471754
-2.1905958925169626
-4.881409518189683
-4.583767881317154
-3.8457604363857594
-1.381614630228929
-3.7797074213167874
-4.63332427263943
-4.087350346329461
-6.950548926029165
-1.0770755110732302
-7.609092306962361
-0.8913740447150809
-5.578832567261391
-3.363599570372352
-5.831742937421988
-2.465831267782995
-7.02543203516007
-8.758504166035705
-4.334110601608981
-4.091695089824316
-3.9853906580640515
-3.533401848062417
-3.3268472771308573
-3.145780503861621
-3.0817961313812314
-1.7263179422403159
-4.461842621032029
-0.35411334260856225
-4.230824897134125
-4.707276860102103
-2.1761737652680604
-3.3452445444210013
-5.372400478265024
-4.467551524077458
-2.987238339942006
-1.256446216501984
0.5816810795163884
0.5580892607343403
-1.561853647779854
-12.235297224910836
-4.030202476370559
-6.298708264260886
-7.616934196981538
-6.293389679820614
-6.5291659864936955
-5.826905368560855
-4.200125983289895
-6.545404156120413
-6.170528788097397
-0.3380464692497561
-2.4579893777638175
-1.2580909626118502
-6.268536208249114
-4.187044365683223
-1.601708091946047
-4.232534006664021
-0.042294257498670634
-5.254536039105509
-5.458683611776785
-3.395143374936904
-4.905989541014486
-0.32229654048688217
-1.2420240892530878
-1.732026845285669
-3.3780338711258913
-3.6440747605312995
-2.9116107603707184
-2.605832409277101
-2.2150590454833035
-1.2809093694682827
-2.9685931720550043
-5.452030000537838
-4.575708356252144
-2.0138424577813607
-4.40565825519533
-7.640642885622046
-2.91782007778463
-7.6803173609924
-4.95058372427516
-3.3578906673269233
-7.89901338953369
-0.32229654048688217
-4.464688276208436
-1.9472890283442124
-4.230824897134125
-1.7687791385271054
-2.8512666483471754
-6.490768947142297
-8.075620114071357
-3.31900538711168
-5.333515198049779
-5.380625461604649
-2.9764350620741817
-1.2498659792722635
-0.13933378833737206
-8.800858022563213
-6.887763619527553
-5.364558588245846
-3.0735711480416055
-1.9774610843556848
-3.3285563866607517
-6.59492598580145
-4.1813354626377945
-0.625086701071573
-2.241631571674524
-8.140148061013216
-3.463305763230751
-0.4942830675003144
-2.146001709256289
-0.13933378833737206
-8.099911970769787
-4.363444882275153
-3.7797074213167874
-9.364622514120612
-3.3268472771308573
-2.8512666483471754
-4.897593261406947
-9.004834298966577
-7.452733482577487
-4.921283002447685
-3.3578906673269233
-1.8336034402307129
-6.719653684066455
-5.647135439162572
-2.8512666483471754
-4.248981824157279
-10.44662739515357
-3.52555995804324
-0.790035279251402
-3.5578650010287602
-4.2973783265715815
0.49476444130162583
-3.6471242923980056
-5.853690010094133
-9.266506707663368
-5.20135594657485
-2.326701460473186
-3.3780338711258913
0.06934815749120783
-4.857647065196963
-1.069483670836877
-7.402537736030799
-5.126843757259756
-7.106387573642334
-0.346759693453231
-5.457738903583267
-3.770994197113313
-5.580658546649747
-4.714694872677427
-11.894194471159373
-5.189361199163055
-1.568433885009467
0.7646438316659016
0.3126550216642657
3.2936139395261965
-2.0060005677621833
2.841625129524562
2.7400485345796013
2.841625129524562
-5.847981107048704
-2.660467618255215
-3.113327762441146
-4.399949352149901
-7.649356109825518
-5.164974573149166
-6.283414802827688
-1.0734834643524176
-4.247446160081291
1.836070914576332
-6.435774809525918
-3.588884777475955
-1.8089969963798744
-3.7805451966623864
-5.159265670103737
-7.64151421980634
-3.3268472771308573
-3.563573904074189
-3.154056808931862
-3.3268472771308573
-6.285547789801437
0.042775631299988175
-1.2507373134565298
-2.4294498943573113
-5.165845907333462
1.836070914576332
-2.1905958925169626
-2.6302955622434436
-2.487205666889206
-1.3570081863780823
-3.97002382262163
-3.154056808931862
-12.255084498670783
-3.977548768044874
-7.616934196981538
-7.616934196981538
-5.392364926848839
-4.589476784362583
-7.640569511612822
-6.099995583348503
-5.854561344278429
-4.707276860102103
-7.89471382194314
3.2936139395261965
-1.9816841249941737
-0.8758619454334854
-1.3131907987049396
-3.596726667495133
-1.4953002183423563
-1.3131907987049396
-3.596726667495133
-2.247340474719953
-3.596726667495133
-3.596726667495133
-1.3131907987049396
-2.247340474719953
-1.3131907987049396
-0.8289205594666548
-1.7018547892738574
-3.399980943798036
-2.4294498943573113
-6.300841251234636
-3.778836087132491
-6.546275490304709
-2.6742360463656554
-7.901370586125318
-7.893528696106141
-6.555336099803941
-4.505175151503249
0.40969455250296394
-4.40565825519533
-9.01925642621548
-6.527521240383794
-4.260996953145897
-1.0770755110732302
-5.578832567261391
-3.31900538711168
-0.790035279251402
-6.245334708072224
-3.118165331302278
-7.368848951431285
-4.712985763147532
-2.6302955622434436
-3.0962182586301323
-12.255084498670783
-3.809879477328559
-5.578832567261391
3.2936139395261965
-0.6500341377572966
-6.305678820095767
-4.079125362989834
-4.262706062675792
-4.712985763147532
-2.8512666483471754
-2.527026695786739
-6.417321235085649
-4.115639826750034
-3.118165331302278
-4.363444882275153
-8.114505394286603
-7.190396743989003
-8.661490562003474
-2.1761737652680604
-6.112785137992138
-1.2664872422194131
-3.984129005274599
-3.564445238258484
-2.1620685826150923
-4.0098538110303945
-1.9630389571071793
-3.533401848062417
-1.7254466080559412
-2.465831267782995
-4.0497581238648905
-3.0499793292595583
-1.2498659792722635
-3.881284016261748
-3.7835070232051105
-3.3606113798634225
-0.4185321301400142
-4.715566206861723
-2.8670165771100438
-4.262706062675792
-2.178306752241809
-0.7978771692705822
-3.564445238258484
-3.395143374936904
-11.810937578688328
0.49476444130162583
-4.459709634058281
0.3126550216642657
-4.023014285489842
-5.396840017482494
-4.233405340848317
0.3126550216642657
-6.170528788097397
0.042775631299988175
-5.612092255450972
-12.428612335296993
-4.913831431033663
-1.8344747744151169
-3.52555995804324
-1.5212224310556663
-5.364948906851002
-4.0098538110303945
-2.642584702518597
-2.9086225698617874
-3.539982085292142
-4.007720824056645
-1.043311408340671
-2.431159003887207
-1.7084350265036112
-2.527026695786739
-4.5708707873910095
-5.404681907501671
-6.99073620193987
-4.749738056389027
-3.8804126820774516
-6.791691727702642
-0.346759693453231
-4.459709634058281
-3.081413038060783
-1.2420240892530878
-3.886992919307177
-2.4294498943573113
-1.043311408340671
-1.732026845285669
-7.616934196981538
-8.155249636344172
-3.52555995804324
-5.808151118639941
-5.925094549027322
-4.0495868116810625
-6.338831583516712
-3.6060456189334955
-3.3268472771308573
-3.3606113798634225
-5.443805017198211
-2.876567576659118
-1.9774610843556848
0.10610045073270376
-2.669157228709816
-4.014301061286369
-3.399980943798036
-2.5979905192579236
-4.370862894850476
-3.1103234412831005
-7.236170441009944
-3.97002382262163
-4.09082375564002
-3.436713218835437
-5.201726866390662
-4.530876343510173
1.0336698895180236
-4.007720824056645
-6.093415346118779
-2.192240638626863
-8.43047283810557
-4.297749246387393
-2.3166356404282644
-3.845389516569947
-1.8200526471661467
-4.873567628170505
-9.0114145361963
-3.1247455685320022
-2.260985806381331
-2.636004465288872
-5.899650329830855
-2.5979905192579236
1.0336698895180236
-3.087993275290507
-3.5416268314020423
-4.972918666391138
-1.9708808471260162
-3.4292952062601123
-1.9630389571071793
-7.410379626049978
-1.9472890283442124
-2.279883347186769
-1.8332100995632006
-4.261868287330192
-5.0161757747495
-1.4970093278722092
-5.824389288266658
-4.2635773968600885
-5.051545624666349
-7.42491862315734
-3.3593497270739694
-5.374045224374924
-4.498594914273524
-1.2498659792722635
-4.687484643208379
-3.0962182586301323
-1.601708091946047
-1.253595602389798
-6.734075811315356
-4.504303817318953
-7.42491862315734
1.3840821045746974
-0.5107897736466069
-0.834629462512063
-1.9717521813104664
-1.4970093278722092
-1.4953002183423563
-3.6277700576911993
-8.565622870103942
0.10610045073270376
-1.4970093278722092
-3.564445238258484
-4.88975137138777
-0.2124674550045476
-4.469294192446049
-4.705143873128354
-2.332410363518615
-5.000041190536202
0.565931150753519
-2.7327434913726996
-0.8289205594666548
-0.834629462512063
-0.3826406525104264
-3.5321401952729645
-2.8009058796665482
-1.7896427616731276
-3.7805451966623864
-6.982970838873146
-2.629424228059148
-1.2420240892530878
-1.7018547892738574
-4.255288050100469
-0.5913225983390054
-1.376777061367878
-2.41502776710841
-3.0962182586301323
-2.4237409913118833
-0.34961798238649355
-12.346183281161007
-7.368848951431285
-8.061081116963996
-7.8545265460324325
-2.667047855484939
-4.437762561386134
-3.0735711480416055
-7.000744672575851
-1.8344747744151169
-4.501746933866526
-1.2420240892530878
-4.052315007317318
-1.2262741604901783
-6.751087392867677
0.7216822210104932
0.5580892607343403
-2.1761737652680604
-12.346183281161007
-9.25026853803665
-4.464688276208436
-6.04700512048029
-4.150292072441727
1.0336698895180236
-1.6940128992546832
0.3126550216642657
-8.359939633356676
-7.862368436051612
-0.7987485034548619
-4.256997159630363
-5.0161757747495
-4.0126994662068
-7.89471382194314
-3.3268472771308573
-8.996992408947397
-3.118165331302278
-4.443959705295412
-3.11245642825685
-3.182989633005743
-3.081413038060783
-0.790035279251402
-11.072645905292092
-2.6927490474918634
-4.976284916282084
-2.6927490474918634
-2.6927490474918634
-2.6927490474918634
-3.6268987235069043
-2.7943256424368235
-2.7943256424368235
-2.7864837524176465
-5.854561344278429
-1.0692336210540467
-3.778836087132491
-2.4294498943573113
-1.519763371308712
-11.38077707116861
-8.996992408947397
-1.9708808471260162
-3.785416324362216
-1.8969282596635502
-8.352488061942656
-4.861380471378909
-4.467551524077458
-8.812701855283917
-3.518035012619996
-5.847981107048704
-5.404681907501671
-4.055295714726491
-4.461842621032029
-3.193426372866475
-4.42157881816887
-3.533401848062417
-1.1404003305059303
-4.749367136573215
-7.4448915925583075
-4.814562358092492
-1.7263179422403159
-10.982374961136927
-3.43922714994364
-2.422869657127588
-4.956292627320589
-11.886352581140194
-11.626211310238686
-0.8016067923881416
-1.7027261234582718
-6.269309620174721
-3.5701541413039135
-3.533401848062417
-7.312104369228293
-11.351106878667515
-2.487205666889206
-5.401701200092497
-1.5540117577606365
-0.346759693453231
-6.283731747423622
-3.11245642825685
-3.564445238258484
-4.1813354626377945
2.389636319522927
-1.2498659792722635
-4.674854947258122
-2.431159003887207
-3.1751477429865655
-5.815676064063184
-6.837297152370218
-9.916336864393088
-0.5913225983390054
-3.9695900081672364
-7.447248789149934
-1.2800380352840155
-5.333398328191317
2.841625129524562
-2.1905958925169626
0.3126550216642657
-3.7805451966623864
-0.34588835926892936
-4.945746155414027
-11.80309568866915
-3.698303262440093
-4.569999453206715
-8.356711102580755
-4.340690838838706
-1.3225097501433076
-4.2973783265715815
-7.640642885622046
-2.7357286598194124
-5.706524849107143
-5.4650260195252125
-0.790035279251402
-7.609092306962361
-3.778836087132491
-2.636004465288872
0.09952021350298061
-1.2420240892530878
-7.410379626049978
-4.467551524077458
-7.4436728730782535
-8.150156531649195
-7.240470008600496
-4.687484643208379
-1.973211241057344
-2.4579893777638175
-3.6497836635767285
-3.52555995804324
-6.852393769610704
-1.1107361719624385
-4.1374879743609485
-4.749367136573215
-5.325556438172139
-2.8748584671292217
-3.5339535247805123
-2.260985806381331
-7.639698177428527
-5.341357088068956
-4.40565825519533
-8.150156531649195
-2.4960033237947665
-3.635849777191673
-2.178306752241809
-7.448510441939386
-4.187044365683223
-3.197794853575093
-1.6940128992546832
-7.894790348895593
-4.60675174644821
-4.9497123900908635
-4.63332427263943
-3.9171649753189484
-5.895793827199847
-1.710079772613459
-6.400404959609069
-2.1761737652680604
-2.5352495299403706
-6.727495574085631
-4.986959485624111
-3.3268472771308573
-6.975510256869897
-3.778836087132491
-3.192085950529665
-8.083462004090537
-4.5349706756224775
-4.095192236348638
-4.745738262873493
-4.467551524077458
-5.435091792994739
-4.721275109907152
-3.993615641403678
-1.2507373134565298
-5.446790185644924
-6.654398763640697
-6.745378489822248
1.485658699519658
-8.359939633356676
-6.887763619527553
-3.612625856163221
-10.197696009559175
-1.9810531310767605
-4.914702765217959
-1.2498659792722635
-4.256159384284763
-3.118165331302278
-4.40565825519533
-3.666021833203445
-7.609092306962361
-4.749367136573215
-5.333398328191317
-3.811588586858453
-4.445604451405312
-2.4237409913118833
-2.184015655287238
-6.555336099803941
-1.9472890283442124
-6.544532821936117
-5.83926788284523
-4.712985763147532
-6.545404156120413
-4.992687541380872
-3.5701541413039135
-3.144737857493498
1.836070914576332
-5.435091792994739
-11.43436377113856
-4.912960096849368
-2.6661765213006436
-3.9114560722735194
-5.847981107048704
-1.979170193885797
-0.20675855195912343
-10.990216851156102
-8.101728013147602
-4.708735919849148
-4.705143873128354
-7.896880402559941
-1.2752004664229053
-0.8044574065002962
-4.912569778244211
-5.917014829526848
-3.0962182586301323
-3.0735711480416055
-3.770994197113313
-3.106747525211421
1.1736710310121283
-3.8804126820774516
-3.52555995804324
-6.292999361215458
-4.235495833206744
-4.230824897134125
-6.29996991705034
-5.854561344278429
-5.364948906851002
-8.641755245852433
-1.256446216501984
-4.474131761307183
-4.429420708188047
-1.0734834643524176
-3.564445238258484
0.5515090235046163
-5.854561344278429
-7.879944344202838
-4.029331142186263
-3.3911832868924754
-0.6884115205042847
-4.95058372427516
-3.7119686123055664
-6.274245111294543
-4.920411668263388
-7.733921123218157
-1.827894537185307
-6.068952193152435
-9.915880397063416
-6.290311984653347
-11.886352581140194
-7.6803173609924
-2.6526257282360373
-5.372400478265024
-4.564186964747864
-2.2150590454833035
-2.8512666483471754
-4.118010643205079
-6.061110303133259
-6.545327629167958
-4.096063570532933
-6.76511920151142
-2.876567576659118
-6.048714230010185
-4.256747109847514
-8.559913967058511
-3.556603348239307
-9.709325826131856
0.7646438316659016
-4.68281370713576
-2.0771672772140763
-4.253155063126719
-2.7231589329849313
-7.886077124692119
2.841625129524562
-6.164819885051966
-3.52555995804324
-1.2498659792722635
-9.703616923086427
-6.982970838873146
-3.619056833487727
-3.43922714994364
-5.164974573149166
2.841625129524562
-1.2580909626118502
-3.3285563866607517
-2.9001929542798606
-3.2961483632866253
-5.842272204003276
-4.919540334079092
-5.588500436668925
-3.320714496641574
-8.321054353141433
-6.030821377263025
-3.363599570372352
-5.435091792994739
-2.0060005677621833
-3.518035012619996
-6.990812728892323
-4.796838326058444
-4.712985763147532
-7.003101869167478
-7.649356109825518
-3.8032992400988337
-5.777545248173775
-6.092544011934483
3.2936139395261965
-2.184015655287238
-4.719566000377257
-5.442933683013917
-3.118165331302278
-3.3653086799022467
-2.487205666889206
-2.605832409277101
-7.189525409804706
-5.919385645981893
2.841625129524562
-1.4284327435154553
-4.564186964747864
-3.0735711480416055
-3.190441204419764
-5.925094549027322
-2.2264873701465446
0.3126550216642657
-2.669157228709816
-3.539982085292142
2.389636319522927
-7.609092306962361
-2.3992778383455398
-4.913831431033663
-3.8028753626549805
-3.023253175360599
0.10610045073270376
-6.099124249164206
-7.896880402559941
-2.465831267782995
-5.610383145921077
-2.217168418708181
2.7400485345796013
-6.852393769610704
-4.569128119022419
-4.260996953145897
-6.757667630097402
-6.513099113134893
-2.8512666483471754
-2.184015655287238
-4.267577190375621
-9.264690665285553
-3.770994197113313
-0.13933378833737206
-0.1822953989927804
-2.658334631281466
-3.3032554583488087
-4.260996953145897
-7.862368436051612
0.1296922695147529
-7.665032664579166
-2.160423836505191
-5.306789044150819
-4.095192236348638
-1.5254722743541178
-7.89471382194314
-6.500703040011818
-11.810937578688328
-1.7744985601450163
-8.132306170994037
-5.39599229704707
-9.004834298966577
-8.107925157056878
-3.7805451966623864
-7.948311972092163
-2.672756758530368
-4.0126994662068
-1.8401836774603781
-2.8670165771100438
-7.609092306962361
-1.8344747744151169
-3.8519697537996715
-3.320714496641574
-5.053031653404417
-3.9152945732323867
-7.948311972092163
-7.609092306962361
-5.378109381310453
-3.6334789607366287
-4.096063570532933
-2.247340474719953
-2.0112251870882427
-4.260996953145897
-2.6385205455830696
-2.9847244088338014
-5.51334361508238
-4.589476784362583
-5.190309060299804
-1.4953002183423563
-0.352468596498658
-2.8512666483471754
-0.8856651416696301
-4.101772473578362
-7.769802082275356
-3.399980943798036
-3.785416324362216
-7.9047222925791205
-1.2809093694682827
-3.3285563866607517
-2.881438704358947
-10.381803093450108
-3.564445238258484
-11.886352581140194
-3.534273182246713
-5.847981107048704
-5.983785999524284
-1.9489981378739323
-2.6302955622434436
-6.099995583348503
-5.864895700842932
-4.8519381621515345
-3.428423872075818
-0.834629462512063
-1.7762076696749753
-4.498594914273524
-7.886077124692119
-0.13933378833737206
1.0336698895180236
-5.053031653404417
-4.232534006664021
-2.9764350620741817
-4.200125983289895
-5.3789807154947455
-2.220767948528733
-8.6366874587625
-4.712985763147532
-1.7687791385271054
-2.220767948528733
-1.3131907987049396
-8.53583390741262
-2.184015655287238
-6.2763780982682915
-2.636875799473168
-1.3881948674586833
-5.578949437119852
-2.474224834520268
0.1296922695147529
-4.968443026262906
-1.9472890283442124
-5.380308517008715
-7.640642885622046
-2.629424228059148
-2.629424228059148
-4.68281370713576
-6.990812728892323
-4.601042843402781
-2.3992778383455398
-4.474131761307183
-4.9116984440599145
-3.533401848062417
-4.467551524077458
-5.333515198049779
-2.7295013407333593
-3.144737857493498
-3.144737857493498
-0.8612019887033082
-1.7953516647183934
-0.8612019887033082
-3.144737857493498
-3.144737857493498
-1.7953516647183934
-5.655424785922191
-4.04660610427189
-8.114505394286603
-3.3285563866607517
-6.992902782556674
-4.2635773968600885
-8.432117584215472
-5.254536039105509
-2.9929472429874346
-11.372935181149435
-4.23740513436385
-6.55111305916584
-2.169593528038336
-5.333398328191317
0.2696934110088581
-7.69816772164756
-4.4304089122308055
-5.196855738690833
-4.942741834255982
-2.184015655287238
-4.684522816665655
-4.022142951305547
-4.789100137223884
-7.211399108467629
-2.2592766968514355
-12.262926388689962
-2.605832409277101
-2.978144171604078
-1.9717521813104664
-2.3258301262888907
-6.29996991705034
-12.33834139114183
-5.372400478265024
-3.0499793292595583
-5.388150407027893
-2.2592766968514355
-1.718476052221177
-0.828049225282361
-6.995035769530422
-1.9892781144162428
-6.068952193152435
-1.8116563675585493
-2.2264873701465446
-4.944003487045435
-1.724184955266576
-3.495971732146631
-1.2420240892530878
-3.56531657244278
-1.625178467212455
-6.2676648740648195
-0.8223403222369129
0.08076596358206665
-2.400986947875436
-8.996992408947397
-7.609092306962361
-4.260996953145897
-5.473977073209984
-2.184015655287238
-3.149208721498345
-8.132306170994037
-2.0060005677621833
1.461195546553315
-0.593031707868903
-3.0735711480416055
-6.996521631937752
-8.351002199535328
-6.269309620174721
-8.30651535603407
-2.0807467888305324
-7.949401944124834
-3.0945735125202325
-4.370862894850476
-5.357107016831825
-3.11245642825685
-5.364948906851002
0.1296922695147529
-3.7872296538697627
-3.5557320140550117
-0.8994537642155488
-4.235495833206744
-3.363599570372352
-8.092558321614456
-9.004834298966577
-3.3527694898442446
-1.2498659792722635
1.836070914576332
-4.008592158240941
-0.7978771692705822
-7.450600495603738
-8.513069926965631
-6.982863906025227
-1.2498659792722635
-3.31900538711168
-0.593031707868903
-9.69577503306725
-4.500704287498402
-7.862368436051612
-5.325556438172139
-12.262926388689962
-9.739497882143628
-2.2141877112990094
0.3126550216642657
-1.3433628547167393
3.2936139395261965
-3.533784941382865
-0.8016067923881416
-3.811588586858453
-2.8790815077673204
-5.706524849107143
-4.5374565807398985
-2.85297575787707
-3.9919708952937767
-4.744029153343598
-1.045020517870547
-0.5913225983390054
-4.475776507417083
-7.764093179229927
-3.533401848062417
-7.485262735180883
-12.346183281161007
-3.363599570372352
-2.3109267373828373
-3.80417057428313
-5.68836792208399
-5.446790185644924
-12.346183281161007
-2.86872568663994
-4.292040343341964
-3.11245642825685
-6.887763619527553
-4.719566000377257
-4.256159384284763
-7.9793553622882305
-4.968443026262906
-3.3285563866607517
-2.4336729349954096
-4.721275109907152
-3.7805451966623864
-4.022142951305547
-0.1822953989927804
-8.132306170994037
-4.65211479329153
-6.470580234473442
-2.6215823380399703
-6.76511920151142
-1.7254466080559412
-3.52555995804324
-5.654216090760781
-0.32229654048688217
-1.2420240892530878
-4.262706062675792
-9.119188275050538
-4.674971817116583
-4.5374565807398985
-5.195146629160938
-6.416816359679625
-3.175781247689565
0.5580892607343403
-2.0138424577813607
-9.032416900674926
-4.443959705295412
-6.411107456634196
-3.363599570372352
-5.847981107048704
1.0336698895180236
-3.3049645678787054
-3.5557320140550117
-7.616934196981538
-1.9472890283442124
-0.13933378833737206
-3.367191617093147
-2.8748584671292217
-7.259985240544377
-3.1087218462035304
-7.100678670596904
-3.9536694451936945
-2.2592766968514355
-1.045020517870547
-1.398260687503645
-0.7987485034548619
-3.3268472771308573
-3.1751477429865655
-5.372400478265024
-1.2866182725137145
-11.613506137219138
-5.3968636312313665
-7.886077124692119
-6.610502469110412
-5.651358479800671
-6.757667630097402
-5.201726866390662
-2.184015655287238
-1.5290643210748767
-7.640569511612822
-5.641426536117144
-6.984679948403042
-2.711265506853069
-7.632800995602868
-6.062371955922711
-2.6547587152097867
-4.510023238936765
-7.435830983059076
-1.9489981378739323
1.461195546553315
-5.438948295625747
-2.9872956893509452
-5.610383145921077
-1.3225097501433076
-5.401701200092497
-2.697219911496711
-5.126843757259756
-1.724184955266576
-6.210766664154089
-2.644229448628498
-6.065723662376514
-12.33834139114183
-4.713857097331828
-5.366203334355746
-2.8670165771100438
-9.494063643073554
-3.43922714994364
-6.990812728892323
-6.400404959609069
-3.428423872075818
-8.075620114071357
-3.5701541413039135
2.841625129524562
-5.160974779633633
-2.184015655287238
-5.616963383150801
-4.524296106280448
-1.043311408340671
-6.5519843933501365
-6.544532821936117
-3.9853906580640515
-2.1704648622226315
-4.936161597026257
-5.357107016831825
-1.732026845285669
-3.089638021400409
-4.802547229103873
-2.978144171604078
0.09952021350298061
-2.9764350620741817
-5.81654739824748
-3.809879477328559
-4.0155627140758225
0.10610045073270376
-1.9708808471260162
-4.459709634058281
1.461195546553315
-2.9481152302454645
-8.653648671984294
-1.9810531310767605
-7.949401944124834
-3.011316953229117
-2.731872157188404
-6.887763619527553
-4.95058372427516
-0.6946083028138696
-5.333398328191317
1.0100780707359758
-4.016434048260119
-4.547181046350272
-2.178306752241809
-5.378109381310453
-6.916860141429651
-4.95058372427516
-4.986959485624111
-5.035756691318788
-2.206345821279832
-7.719327699701341
-5.619479463444998
-2.3992778383455398
-4.905989541014486
-5.645649576755242
-3.3268472771308573
-2.425450100841778
-2.453913047323654
-2.711265506853069
-5.83926788284523
0.5816810795163884
-8.186683345145399
-10.433922222134024
-2.146001709256289
-5.401701200092497
-1.4953002183423563
-5.451158666353542
-4.567628636751668
-4.048715477496766
-4.048715477496766
-2.1761737652680604
-6.887763619527553
-4.409391661377274
-7.164945386979903
-4.687484643208379
-4.994801375643289
-4.743157819159303
0.7544715477153835
-3.811588586858453
0.09952021350298061
-6.729694709783893
-1.561853647779854
-2.228196479676441
-2.9059018573252895
-8.150156531649195
-2.8512666483471754
-2.427964031949981
-2.72379243768793
-3.993615641403678
-3.0735711480416055
-4.898464595591242
-2.3489170696649135
-2.4237409913118833
0.30248273771374734
-0.4092131787016446
-6.01288252142638
-3.52555995804324
-6.996521631937752
-4.365153991805049
-4.564186964747864
-5.854561344278429
-3.118165331302278
-6.29996991705034
-2.6215823380399703
-1.4970093278722092
-3.4301329816057122
-0.4092131787016446
-0.37693174946500246
-1.5290643210748767
-3.778836087132491
-7.617751104756381
-6.852393769610704
-4.712985763147532
-10.153472746114314
-1.045020517870547
-1.717604718036845
0.31094591213437034
-2.6302955622434436
-8.13322047329209
-3.1951354823963705
-5.578949437119852
-4.0155627140758225
-4.04660610427189
-2.738452394418128
-3.501968139261193
-9.113479372005107
-2.3432081666194846
-2.1538435992754663
-7.027565022133818
-6.142937175799816
0.7646438316659016
-5.357107016831825
-7.69503584300291
-2.0771672772140763
-3.660312930158017
-3.2263221634769628
-3.6497836635767285
-5.68836792208399
-2.5979905192579236
1.485658699519658
-3.8107172526741575
-4.467551524077458
-3.081413038060783
-2.881438704358947
-6.307421488464359
-4.540698731379238
-3.564445238258484
-7.6476062161722185
-0.8016067923881416
-2.684907157472686
-3.5954886284545515
-4.2645889998666915
-5.0315536688847855
-8.114505394286603
-1.9734612908402736
-1.724184955266576
-3.984129005274599
-5.42043183626454
-1.9472890283442124
-4.913831431033663
-7.6881592510115775
-6.9583908160483405
-8.140148061013216
-4.906860875198782
-1.2809093694682827
-4.230824897134125
-8.811057109174016
-4.712985763147532
-3.7805451966623864
-5.051545624666349
-1.3596675575568713
-2.7231589329849313
0.2696934110088581
-8.862223684964954
-2.711265506853069
-5.380625461604649
-5.844353736850474
-6.099124249164206
-5.446790185644924
-4.999169856351908
-1.7254466080559412
-2.9685931720550043
-2.6302955622434436
-3.927230795363868
-4.689393944365485
-5.216161167144201
-1.4953002183423563
-1.9810531310767605
-5.171554810378891
-2.431159003887207
-7.886948458876415
-4.751447165918922
-2.6215823380399703
-3.3578906673269233
-2.0138424577813607
-4.695261731113484
-4.526038774649041
-8.543675797431797
-4.474131761307183
-7.203076202869313
-2.774333353475329
-0.7978771692705822
-4.438250802249983
-6.105704486393932
-3.9919708952937767
-5.823517954082361
-3.118165331302278
-3.697065223399512
-5.061354805080746
-8.144677450298374
-3.2931325657248753
-3.533401848062417
-2.6215823380399703
-0.17309789106993936
-4.714694872677427
-1.2498659792722635
-4.498594914273524
-7.949401944124834
-8.32889624316061
-2.91782007778463
-4.786119429814712
-5.578832567261391
-6.103347289802305
-7.8545265460324325
-6.435774809525918
-1.2498659792722635
-4.589476784362583
-7.931542642137088
-3.31900538711168
-1.043311408340671
-8.150156531649195
-3.1046145382376724
-7.552667480598537
-3.246314452438458
-1.1107361719624385
-3.144737857493498
-5.4282737262837175
-5.4282737262837175
-5.4282737262837175
-3.144737857493498
-3.144737857493498
-3.246314452438458
-1.7953516647183934
-2.8009058796665482
-2.6927490474918634
-3.563573904074189
-3.1368959674743206
3.2936139395261965
-4.369153785320582
-3.081413038060783
-2.5979905192579236
-3.3606113798634225
-6.6627554741557224
-2.1761737652680604
-2.0060005677621833
-3.1838609671900384
-1.718476052221177
-3.6179668614550553
-0.806102152610188
-2.5353068793493114
-5.838323174651713
-8.17719670901632
-1.5627249819641376
-5.051545624666349
-2.1538435992754663
-2.0352168568875704
0.5580892607343403
-5.350453405592877
-8.150156531649195
-7.8877862342220135
-9.924178754412267
-6.196701050593634
-8.906924801073547
-4.519220746859608
1.0100780707359758
-1.043311408340671
-5.646374200741604
-6.975445893449902
-7.696125815035583
-2.184015655287238
-3.3285563866607517
-2.9059018573252895
-8.520911816984809
-0.7742853504885412
-5.617834717335097
-4.9116984440599145
-4.459709634058281
-6.776339740989131
-2.3179882362697133
-4.715566206861723
-1.272196145264851
-1.3737727402098439
-3.39439513720167
-5.000041190536202
3.2936139395261965
-1.324218859673226
-4.821142595322217
-5.051545624666349
-2.8799528419516167
-7.046934814007179
-7.197367299823884
-6.545327629167958
-3.0905093555847043
-6.0847021219153055
-9.90803850704424
-6.53882391889069
-4.002011921011217
-9.491930656099806
-1.2498659792722635
-4.118010643205079
-3.3653086799022467
-1.045020517870547
-9.486221753054375
-3.3268472771308573
-1.256446216501984
-6.852393769610704
-7.703967705054761
-3.6211898204614754
-3.809879477328559
-5.39599229704707
-1.1098648377781082
-2.52915608721571
-2.3223445434736933
-2.987238339942006
-4.01072514521469
-3.666021833203445
-7.703876624692989
0.4565126657893801
-3.72934665263616
2.1408503739990503
-4.951455058459456
-4.123719546250507
-2.7129746163829647
-4.002011921011217
-7.702877733022089
-3.5417954147996897
-3.081413038060783
-1.7263179422403159
-3.0735711480416055
-1.2420240892530878
-8.068923006983173
-3.363599570372352
-4.082981865620843
-6.146936969315349
-3.548207068631768
-5.617834717335097
-1.6940128992546832
-7.100678670596904
3.2936139395261965
-7.733921123218157
-6.748331356853742
-8.359939633356676
0.11394234075188274
-1.724184955266576
-1.732026845285669
-1.9708808471260162
-12.346183281161007
-4.547181046350272
-10.692061634223643
-4.817142801806684
-2.3992778383455398
-5.380625461604649
-4.530876343510173
-0.9033102668465477
-3.564445238258484
-0.058800963644971484
-3.9536694451936945
-5.578832567261391
-3.12622485636729
-2.4237409913118833
-5.815676064063184
-8.114505394286603
-4.467551524077458
-3.597769313863257
-4.714694872677427
-3.2773578426345256
-0.14104289786726515
-4.593999159636689
-2.4294498943573113
-6.981219159915324
-2.0138424577813607
-0.24261949281222364
-9.111346385031359
-6.546275490304709
-4.154762936446574
-4.60675174644821
-5.36368725406155
-10.189854119539998
-7.89471382194314
-1.4953002183423563
-1.2809093694682827
-0.9774385403784567
-7.452733482577487
-3.5701541413039135
-6.92256904447508
-4.147568004663079
-2.636004465288872
-7.896880402559941
-5.602541255901899
-4.57956485888315
-2.6215823380399703
-5.9172526590081445
-4.149054033401147
-4.022142951305547
-7.8545265460324325
-3.43922714994364
-5.846719454259252
-1.077946845257519
-3.5839225694143524
0.2696934110088581
-0.32229654048688217
-1.7630702354818
-1.710079772613459
-7.228328550990766
-4.118010643205079
-5.823517954082361
-2.6526257282360373
-5.617834717335097
-9.450340793997176
-5.13651162666729
-4.101772473578362
-2.660467618255215
-12.255084498670783
-6.346739622260404
-1.8072878868498565
2.841625129524562
-2.8512666483471754
-6.28208700131372
-2.85297575787707
0.49476444130162583
-3.633716790217925
1.461195546553315
-9.013230578574115
-3.539982085292142
-1.4953002183423563
-0.3881197338612519
-2.160423836505191
-3.31900538711168
-3.6271365529882007
2.841625129524562
-4.363444882275153
-8.644529348781676
-2.711265506853069
-6.07553243038216
-1.5627249819641376
-1.724184955266576
-3.8155883803739874
-3.087993275290507
-4.09082375564002
-3.3527694898442446
0.5580892607343403
-7.902241920309613
-1.717604718036845
-8.32889624316061
-7.64151421980634
-5.4082814373222226
-4.474131761307183
-0.7978771692705822
-2.1704648622226315
-4.53174767769447
-2.5295406268949416
-4.23740513436385
-2.5353068793493114
-6.069823527336731
-4.0155627140758225
-4.445604451405312
-4.078887533508538
-2.4294498943573113
-0.806102152610188
-0.6587473619607602
-6.749825740078227
-6.557693296395565
-3.5408534194764374
-4.507284524728127
-5.965332425084014
-4.489881690070052
-2.9790155057883725
-4.101772473578362
-4.0155627140758225
-3.9536694451936945
-2.7686244504299
-1.4953002183423563
-2.0864862286524404
-6.555336099803941
-3.660209344744595
-4.569999453206715
-3.7835070232051105
-1.9647480666366757
-3.6454151828681103
-4.986959485624111
-6.55111305916584
-3.1760190771708614
0.5580892607343403
-2.178306752241809
2.841625129524562
1.3840821045746974
-3.363599570372352
-3.4001040402470992
-1.348431962856758
-7.171642494068089
-4.926120571308817
-2.8009058796665482
-4.719566000377257
-4.09082375564002
-4.1374879743609485
-3.144737857493498
-2.6124126465068254
-7.8545265460324325
-6.298708264260886
-1.2498659792722635
-5.341357088068956
-1.4953002183423563
-1.7744985601450163
-4.01072514521469
-1.4970093278722092
-0.6259580352558761
-1.8410519895826005
2.7400485345796013
-4.601042843402781
-2.465831267782995
-4.467551524077458
-5.5867913271390295
-4.709857303816294
-2.52915608721571
-12.262926388689962
-3.9617988392820043
0.5580892607343403
-3.0735711480416055
2.7400485345796013
-0.9462718775019614
-1.1098648377781082
-2.184015655287238
-3.5098100292803704
-1.256446216501984
-4.60675174644821
-2.532735598832168
-3.778836087132491
-2.6302955622434436
-8.805348206128587
-4.078887533508538
-1.5214724808385816
-4.914702765217959
-3.11245642825685
-3.3285563866607517
-5.785504008051412
-9.287509072141994
-5.901502730245276
-4.3349819357932775
1.7344943196313716
0.5580892607343403
-4.297749246387393
-6.158513659108778
-7.552667480598537
-4.306474644095503
-3.52555995804324
-8.39632100678236
-4.255288050100469
-3.0735711480416055
-0.13933378833737206
-1.7630702354818
-4.235495833206744
-9.2428079560334
-6.916860141429651
0.10522911654840936
0.09952021350298061
-6.7375365998030725
-1.9472890283442124
-9.034232943052741
-3.634978443007378
-5.700815946061714
-3.4752419853622345
-2.6613389524395106
-7.001616006760147
-6.990812728892323
-2.970302281584901
-5.325556438172139
-5.388150407027893
-4.007720824056645
-1.561853647779854
-4.989445390741532
-6.099995583348503
1.461195546553315
-8.34886921256158
-2.6613389524395106
-4.369153785320582
-4.466289871288006
-3.0888646094748036
-8.543675797431797
-9.286637737957697
-1.8072878868498565
-2.247340474719953
-1.3131907987049396
-3.596726667495133
-2.247340474719953
-3.1814901507349926
-3.596726667495133
-5.451158666353542
-10.827211666222018
-3.596726667495133
-4.530876343510173
-2.169593528038336
-0.34588835926892936
-7.106387573642334
-0.346759693453231
-5.648844548692467
0.9019212385612911
-5.438948295625747
-2.4579893777638175
-3.7805451966623864
-2.4294498943573113
-4.95058372427516
-4.599556814664714
-7.552667480598537
-3.081413038060783
-3.3285563866607517
-2.0443779505091864
-3.785416324362216
-8.179329695990068
-1.2420240892530878
-2.228196479676441
-4.716577809868325
-6.530558151427656
-6.3845349304429755
-3.131933759412719
-3.3921390537788585
-7.442801538893957
-4.714694872677427
-5.823517954082361
-5.1472505411151195
-6.237375948194587
-2.642584702518597
-3.5465623225218663
-3.977548768044874
-5.134802517137395
-5.435091792994739
-1.7744985601450163
-2.260985806381331
-2.186531735581435
-0.32229654048688217
-7.157103496960725
-9.274348597682543
-3.2373825903866082
-1.1098648377781082
0.3126550216642657
-3.098905635192243
-2.220767948528733
-7.003101869167478
-2.184015655287238
-3.679790261313884
-1.7687791385271054
-3.977548768044874
-7.891171499514514
-3.3934007065683125
-11.80309568866915
-6.470580234473442
-1.3562738528758682
-4.297749246387393
-3.571025475488209
-12.33834139114183
-4.235495833206744
-9.158669792367519
-2.465831267782995
-3.6454151828681103
-1.7651796087067757
-5.160137004288033
-4.11219815474623
-4.687484643208379
-4.222866137256487
-3.5867754042510787
-8.140148061013216
-0.37693174946500246
0.3126550216642657
-6.982970838873146
-1.732026845285669
1.0336698895180236
1.2825055096297369
-7.894790348895593
-9.25026853803665
-4.304829897985602
-4.861380471378909
-4.065336740443932
-2.184015655287238
-8.140148061013216
0.7646438316659016
-0.6644562650061999
-3.0578212192787357
-3.2149043573861067
-4.292040343341964
-11.442205661157738
-3.6280078871724957
-6.523521446868259
-7.9047222925791205
-9.610658602369153
-1.4953002183423563
-6.712956576978269
-1.5212224310556663
-1.5832280468859552
-4.369153785320582
0.1296922695147529
-2.8512666483471754
-2.184015655287238
-3.539982085292142
-2.881438704358947
-3.31900538711168
-3.5701541413039135
-0.8289205594666548
-2.5712643653589646
-2.8932557344193666
-3.809879477328559
-2.8748584671292217
-7.190396743989003
-2.9431545649352686
-3.5016806351920597
-4.079758867692834
-0.8144984322177289
-8.353359396126953
-1.4953002183423563
-4.53174767769447
-3.785416324362216
-1.979170193885797
-2.2264873701465446
-2.3992778383455398
-7.711974050546011
-5.364948906851002
-3.571025475488209
-8.132306170994037
-4.464688276208436
-6.091282359145031
-2.622453672224266
-2.039176944932
-1.7084350265036112
-4.764172357142566
-2.875729801313518
-2.660467618255215
-3.8155883803739874
-3.8155883803739874
-6.92256904447508
-1.724184955266576
-2.2150590454833035
-4.530876343510173
-6.7375365998030725
-5.159265670103737
-1.9472890283442124
-4.505175151503249
-1.9717521813104664
-7.442725011941504
-2.0060005677621833
0.5580892607343403
0.932093294573063
-5.4282737262837175
-6.339702917701007
-2.636004465288872
0.1296922695147529
-7.9047222925791205
-3.363599570372352
-2.2264873701465446
-3.1115850940725536
-5.832614271606284
-9.058989426866146
-6.353491540246909
-5.604250365431795
-2.636004465288872
-2.184015655287238
-2.0443779505091864
-1.561853647779854
-7.896880402559941
-7.703967705054761
-3.0735711480416055
-3.118165331302278
-4.897593261406947
-3.6440747605312995
-1.8912193566181525
-5.350453405592877
-5.164974573149166
-1.3110814254800696
-2.0443779505091864
-4.0974039928697445
-4.5349706756224775
-3.770994197113313
-11.886352581140194
-5.126843757259756
-3.0735711480416055
-4.101772473578362
-2.85297575787707
-2.2150590454833035
-1.5627249819641376
-4.926120571308817
-2.1761737652680604
1.0100780707359758
-4.265944617770356
-7.886948458876415
