-4.407885292915756
-8.52943812937184
0.12267540312464753
-3.71493243071897
-7.242641735363425
-3.5393311105691505
-3.6327701225806046
-3.4220398058082337
-11.068510897157969
-3.0620329167002587
-2.8924246299658445
-3.773680174874914
-1.3042938723877788
-5.295758908553041
-1.196032725672864
-3.1865437358227795
-6.60212903870256
-5.074357805152932
-3.342219502902951
-2.5450822612821224
-1.2380137577313937
-0.5929746806535069
-4.139126561593534
-8.120998061364242
-4.139126561593534
-4.139126561593534
-7.0863236200918385
-5.189608820803231
-4.833595102117531
0.7920282127374119
-0.5440123788708952
-2.1592873838670132
-1.3017981942174446
-4.586935394989149
-3.6107378666973435
-5.7142859589356965
-3.9985279466816697
-3.090826190063225
-2.963245774976236
-4.025672194099686
-4.451515350919201
0.8166767819850896
-6.850911346910885
-7.01802395547496
-3.8140828753067764
-9.440719833697448
-2.328895670601427
-2.753089801475992
-8.644124388614015
-4.08413903674361
-1.9223748899763269
-0.5686609481185649
-4.900020271425126
-0.5266799160600747
-2.071180615634732
-1.1346855856533715
-6.831737775951688
-3.2759015152039273
-3.17030871335219
-3.4318697764907085
-5.1949410645824035
-1.582393308459631
-3.8232082273709023
-4.922466600434582
-6.539042975617767
-1.582393308459631
-4.852248452209971
-5.601464953029833
-3.8560639073652725
-5.508410560223625
-2.071180615634732
-1.7316285031353076
-3.848953605439124
-5.613802951677796
-3.8560639073652725
-11.495200706202874
-0.14446681724400084
-0.5686609481185649
-2.969276392156688
-11.495200706202874
-2.9830270763684648
-0.9237297995166291
-3.532352783748609
-4.712178651828732
-6.307921919958187
-1.8165947714946442
-2.7486102606479643
-8.32041326499735
-7.465354085092167
-2.620506323014875
-3.8314153381175955
0.5468695339992136
-4.0824412227933005
-1.014600160952674
-6.002523085161756
-6.138480089810261
-8.668808090417173
-0.8776040633428531
-0.7866753794387574
-3.142281227112603
-7.4382067298519745
-6.195605150255131
-7.253436228655912
-4.555646443455843
-3.0620329167002587
-9.634727776228582
-3.2480582377720197
-2.003319122580232
-2.86654416896984
-5.575403698218341
-5.10150205257095
-1.3017981942174446
-4.750577905288188
-7.3567052113498415
1.240870912859655
-1.5750064535996464
-1.158199177585048
-3.15013968493254
-4.651427460700381
-11.323894755357864
-5.5718219196193
-4.387719372318281
-2.5715586711692846
0.21360408702873598
-7.257343437076121
-4.86458955868011
-4.034931997571908
-2.491744091022983
-2.4618200365010368
1.167333014234433
3.001105635342518
-4.139126561593534
-4.074078338685452
-5.132791004104257
-4.1314523125812785
-4.197874305749478
-4.502970387968579
-5.189252855111639
-5.102765838992964
-0.7718385947982747
-4.656759704479554
-3.04719613205978
-3.5920071660564146
-4.616345400882121
-7.3159117189552285
-1.0591498435866153
-3.349486044000349
-5.499604392763598
-4.636590676059903
1.620247446066891
-3.692421397066236
-1.0437569017492756
-2.8924246299658445
-5.1216710809906
-3.3786337383907745
-5.996016050493865
-4.346552802833274
-5.9386353082786405
1.196053315192326
-1.584888986630071
-3.316618760840409
-4.420226399385894
-5.030576629058183
-4.83609078028787
-2.750594123305653
0.12921999967914657
-4.885183486784648
0.9862850687195035
-0.7891710576091047
-5.878964890807313
-5.189252855111639
-2.1325277556542415
-1.9830738474025018
-2.106051345767079
-2.77773837072367
-4.25311379082182
-6.138480089810261
-0.4559056106386055
-4.498272469560018
-2.9544396075162083
0.562090937844938
-1.3504196085615592
-2.918433900067888
-3.290526970158493
-3.3514894909727557
-5.280922123912563
-3.28306405083215
-2.2057861971311925
-3.4869095350427055
-2.6353431076553533
-5.935053529679601
-3.999210434149551
-0.39244741165400454
-3.6770284552289056
-5.724097743542896
-6.307921919958187
-1.017095839123034
-4.651427460700381
-5.529840887560804
-5.586658704259778
-11.244888915026072
-4.812727965766334
-6.932511080475277
3.4252997662170825
-0.8800997415132
-1.6223379155125632
-3.00196421303979
-2.444845716265615
-6.988055891223275
-3.7072581817067145
-3.486227047574823
-2.0065874393341554
-3.680113934288696
-0.260416862908194
-2.2695821757321126
-4.241190947249526
-1.505855008114004
-4.758809440198518
-2.2057861971311925
-4.833595102117531
-4.244354462950722
-3.9104211784493885
-5.043392267573739
-3.820160332076157
-3.0620329167002587
-8.358906012715535
-1.7259923250919744
-7.137337089137525
-0.7191682620699871
-2.894920308136183
-3.0447004538894396
-5.607197701947648
-2.728782119666806
-1.9830738474025018
-7.559035541841749
-11.567086267181251
-3.089177164118276
0.03174671922056184
-8.649456632393187
-2.442350038095275
-1.467951032623862
-5.726593421713235
-6.5913341464300546
-4.025672194099686
-5.437589415213234
-3.316618760840409
0.8340092447959075
-8.186522360620673
-6.848415668740544
-4.677307921696385
1.728523242718823
-2.6378387858256938
-3.316618760840409
-7.75751455939874
-8.083790137433827
-6.848166884657524
-3.04719613205978
-2.7461145824776247
-1.6350636411879444
-4.671596489120032
-2.8440331353171056
-4.074078338685452
-4.280258038239837
-8.186522360620673
-4.193111407473168
-4.409400971242966
-5.351358649717708
-1.8803938579176995
2.152717373593388
-9.382657413823823
-1.4170492098677328
-5.0906766244280215
-7.27260979961511
-3.316618760840409
-4.765058724237073
-7.1348414109671845
2.152717373593388
-5.180507892902743
-4.756313762028178
-3.7072581817067145
-2.6385212732935766
-1.5051559780999961
-10.987807392715583
-6.819755742995317
-3.4261583439143553
-7.495707034018831
-6.877759888656695
-7.592943099390427
-6.140975767980602
-2.893688416387858
-0.9040787902833279
-5.241470413717006
2.8928298386905857
-0.7891710576091047
-6.562674220684827
1.196053315192326
-1.8921451634984037
-1.6050054527016886
-1.866264702502531
-6.0379970825523595
-4.056964253455169
-7.02953187108577
-3.132807222121721
-1.1606948557554218
-7.56153122001209
-4.848565234375749
-6.662129489217272
-5.271792826773246
-3.7408128917149743
-11.068510897157969
-3.3934705230312523
-5.598966167037317
-6.135984411639922
-2.647650570432893
-2.6378387858256938
-2.750594123305653
-2.494239769193324
-9.134983253350235
-5.738934528183374
-5.0906766244280215
-3.7174281088893095
-4.847598695898681
-2.86654416896984
-1.6198422373423165
-5.015890962509008
-0.7340050467104805
-3.073798872217973
-4.750577905288188
-1.7284880032624668
-1.45619972704322
-3.8257039055412423
-3.529857105578269
-6.545341757874007
-5.996016050493865
-6.217417153893973
-2.718087096238038
-3.199598286254406
-4.460989355910083
-4.1998777527218865
-3.142281227112603
-2.1325277556542415
-11.495200706202874
-4.451515350919201
-2.805581648155577
-3.255656240026146
-2.0592577720624385
-3.0595372385299187
-7.468536718907907
-1.8165947714946442
-3.6191514134744334
-1.8921451634984037
-6.986868351559392
-3.132807222121721
-6.007998083450235
-3.9223586719587087
-5.654005925589316
-1.2227923538856391
-4.387719372318281
-1.362760715031716
-3.0595372385299187
3.001105635342518
-1.362760715031716
-7.015528277304619
-3.786938627888759
-1.1346855856533715
-3.4869095350427055
3.4252997662170825
-4.197874305749478
-3.086681485947936
-2.071180615634732
-2.2111489767807884
-5.789048306136023
-1.362760715031716
-3.086681485947936
-7.015528277304619
-3.5178208230527708
-4.937859542271913
-6.8036870666065115
-6.436310752430921
-2.19880787031065
-3.8314153381175955
-3.5393311105691505
-1.584888986630071
-0.05636004901172035
-2.213644654951129
-4.665385078124092
-4.83609078028787
-2.9957528020438486
-8.081294459263487
-6.850911346910885
-1.99547333557637
-3.4318697764907085
-2.998248480214189
-2.6353431076553533
-8.083790137433827
-2.750594123305653
-3.0076756456161426
-3.5017463196831837
0.40981511392134223
-2.237788500648642
-1.3310681505375845
-1.6198422373423165
-4.506635353667865
-0.8776040633428531
-1.8412433407423088
-0.4534099324682718
0.11188753686832702
-5.738934528183374
-1.6198422373423165
-1.7894505240765697
-1.8921451634984037
-2.3194247734327207
-6.985560213052936
-2.5105961503550205
-2.196312192140311
-3.6107378666973435
-7.218069412873878
-2.9319683655577804
-3.384177311855859
-1.3074343722607427
-1.0591498435866153
-0.30981091583589637
-4.665385078124092
-0.031711479764043204
-1.571279204701863
-1.8412433407423088
-1.6085872313007479
-3.0076756456161426
-4.422722077556235
-5.295758908553041
3.4252997662170825
-0.21076158183744206
-1.8165947714946442
-4.1998777527218865
-2.46823049909128
-5.457834690391015
-2.2111489767807884
-2.4707261772616187
-6.393065933950411
-2.6378387858256938
-6.5938298246003955
-2.150186455966525
-7.258786658510361
-2.0830637932644582
-1.7721180612658467
-5.271110339305364
-5.692808792009589
-1.860224829498134
1.640416474486542
-1.45619972704322
-2.7146529642514907
-3.9985279466816697
-7.510517750966405
-3.4047255290726897
-1.0591498435866153
-3.316618760840409
-2.8924246299658445
-2.971772070327027
0.03174671922056184
-7.712961602411775
-4.212396545185338
-1.1808113218271312
-2.828640193479776
-5.147627788744735
-7.031685949226721
-1.7746137394361805
-11.70159007296825
-4.662471137055907
-5.883727789083624
-1.5329992555320224
-5.013395284338669
-6.831737775951688
-11.56459058901091
-4.0824412227933005
-5.5718219196193
-7.320801636060724
-4.678571708118398
-6.303159021681879
-5.684479042037001
-6.829242097781347
-1.3042938723877788
-5.525696183445515
-3.2001639916260567
-2.753089801475992
-6.007998083450235
-0.813819626856787
3.001105635342518
-1.814099093324358
-6.011905291870444
-3.2528343243543403
-6.039260868974375
-1.7992623086838615
1.620247446066891
-3.8909346374976197
-3.8314153381175955
-7.930341708361344
1.2433665910299943
-1.4152806998955945
-5.332072860119627
-1.7992623086838615
-0.3476444639237085
-5.742945884680924
-0.8104814006407774
-4.093121461611161
-8.332382948158573
-4.452702890583084
-1.6350636411879444
0.32170834568906165
1.258203375670473
-4.089471280522782
-7.1348414109671845
-8.372206081663046
-4.636590676059903
-3.658247091918735
-7.27260979961511
-3.665277149648218
-5.346879108889682
-9.742369247509904
-4.241858784780382
-7.275105477785449
-3.0620329167002587
-5.5718219196193
-5.632321743451018
-4.819771961012781
-0.7365007248808056
-3.9284361287280882
-3.0595372385299187
-0.4805541798862954
-7.458375758271624
-8.838381244596107
-5.756266990994193
-8.96913753903035
-1.3899049624497135
-3.194957282599869
-0.7873432169696092
-3.559801855111267
0.562090937844938
-5.105646756686239
-3.8503524747889197
-3.347907712373716
-3.786938627888759
-2.353544239849105
-0.031711479764043204
-3.027844674035794
0.03174671922056184
-3.773680174874914
-3.4252645267605595
-4.25311379082182
-4.193111407473168
-1.3017981942174446
-3.0031961047881164
-5.074357805152932
-8.574999109137503
-5.1216710809906
-1.814099093324358
-3.966020919614056
-2.8924246299658445
-1.3652563932020876
-1.0809618472254152
3.4252997662170825
-7.275105477785449
-3.1081586528740437
3.001105635342518
-1.786954845906257
-1.1508123227250218
-3.343763008258427
-4.409400971242966
0.819172460155429
-5.251623798353596
-4.86458955868011
-4.666482493553457
-1.158199177585048
-4.381251994974014
-5.6257849846341665
-6.5938298246003955
-3.290526970158493
1.640416474486542
-2.3576889439643938
-7.67512233156499
-1.9830738474025018
-1.2170809213092495
-3.4047255290726897
-0.9680496216908893
-4.445602136831734
-2.3194247734327207
-3.0541744588803224
-2.805581648155577
-6.5913341464300546
-7.719936821410141
-3.146927953526123
-6.539042975617767
0.8801349809696928
-0.36314908609504254
-5.598966167037317
-4.922466600434582
-7.275105477785449
-5.251623798353596
-3.0595372385299187
-3.00196421303979
-3.234052961044171
-3.9960322685113296
-5.679926178279626
-4.405389614745416
-1.9830738474025018
-7.245137413533766
-3.0620329167002587
-0.7718385947982747
-2.0617534502327777
-0.9910865690209538
-2.150186455966525
-2.196312192140311
-4.411896649413306
1.1499275790185408
-5.147627788744735
-1.467951032623862
-3.0620329167002587
-2.071180615634732
-5.075621591574946
-5.189608820803231
0.9710636648737794
-0.8800997415132
1.2162223436119768
-4.25311379082182
-1.8453880448576887
-11.567086267181251
-4.25311379082182
-8.184026682450334
-2.5834815147415777
-4.197874305749478
-3.3786337383907745
-7.275105477785449
-3.612601094160954
-6.564289767855773
-3.7664136337775154
-0.7191682620699871
-0.4534099324682718
-8.101824490405043
-3.1730197442080397
-2.3219204516030603
-3.4224426110887545
-0.9508740469346549
-4.368364806472118
-0.710491454778771
-6.489335460844942
-3.316618760840409
-3.0007004266177764
-7.27260979961511
-3.932247832025261
-3.486227047574823
-2.5072579241390227
-4.387719372318281
-0.8800997415132
-2.46823049909128
-2.7086130912471567
-5.163517030121315
-11.56459058901091
-7.258786658510361
-3.0007004266177764
-6.986868351559392
-5.5718219196193
-2.580016764884349
-3.91110366591727
-3.419946932918415
-1.8743455609025046
-7.015528277304619
-2.8924246299658445
-0.9969997831084587
-3.623792417128971
-4.8768970214576495
-10.990303070885922
-0.014379016953222258
-4.25311379082182
-3.9985279466816697
-3.966020919614056
-4.32067234183727
1.3952577957483445
-7.223736493365789
-1.814099093324358
-5.074357805152932
-3.1599514695397386
-3.603127089170071
-6.54119705375872
-8.666312412246834
0.5995398667274978
-3.0541744588803224
-1.6169874856580915
-1.2869614095769333
-2.943082469315566
-4.650163674278367
-2.8440331353171056
0.562090937844938
-2.150186455966525
-11.567086267181251
-7.255931906826253
-3.132807222121721
-4.483778092629225
-1.7721180612658467
-0.7611492941284997
-2.998574717715655
-3.8462339366827982
-11.567086267181251
-3.0620329167002587
-3.4561835090256476
-4.589201153464104
-3.662534078298113
2.1065916374196028
-4.3321196311536125
-3.9079255002790485
-5.949890314320079
-3.5570013529962856
-1.7284880032624668
-5.745441562851264
1.2433665910299943
-2.442350038095275
-2.629980328005757
-3.532352783748609
-8.394870788253035
-3.7805281652985165
-3.086681485947936
-8.184026682450334
-6.6046552527433215
-3.174788254180217
-5.3443834307193425
-1.6198422373423165
-0.2862973239041938
-5.205498062179811
-5.999597829092905
-2.0592577720624385
-6.926799647898924
-5.723759963926579
-3.2447331998620315
-5.23860331223775
1.258203375670473
-8.184026682450334
-7.253436228655912
-4.522078490762037
-7.465354085092167
-2.9237135814991513
-1.814099093324358
-1.814099093324358
-11.326390433528205
-4.7594919276664
-0.5668924381463936
-1.8921451634984037
-4.274546605663484
-4.924962278604922
-4.522078490762037
-10.222618313579177
-5.324214402299691
-4.619198136699175
-4.517315592485726
-2.6378387858256938
-6.365562613018626
2.468635707816021
-4.409400971242966
-4.165007022589539
-7.126767936457369
2.5769115044679527
-4.326383774413623
-1.6350636411879444
-0.9040787902833279
-1.3924006406200777
-2.213644654951129
-7.892730849782471
-4.241858784780382
-1.0437569017492756
0.0765496669508628
-5.043392267573739
-8.958463282949259
-2.735757338665174
-0.5020313468123985
-2.915938221897548
-1.3017981942174446
-5.043392267573739
-4.434488033073949
-1.2869614095769333
-3.3934705230312523
-4.817276282842442
-4.93082948454243
-5.7428177367893145
-3.5718381376367647
-4.900020271425126
-2.805581648155577
-2.894920308136183
-0.8166415425285669
-3.9540512364528335
-7.775187909648053
-2.4275132534547974
-4.83609078028787
-2.57438058684109
-3.5718381376367647
-4.287984520954168
-4.445602136831734
-7.56153122001209
-4.805617663840185
-4.844420530260459
-5.96601705139174
-4.924962278604922
-0.05636004901172035
-5.41170895421723
-4.074296716265986
-4.166270809011552
-3.316618760840409
-2.955864642875171
-0.5686609481185649
-3.8289196599472555
-1.4211939139830616
0.39248265111052383
-11.071006575328306
-8.186522360620673
-6.871223129839842
-3.8314153381175955
-3.1730197442080397
-3.2019325015982347
-3.6261266324728
-4.050320763347364
2.8928298386905857
-2.1745087877127376
-4.609446428641886
-7.3159117189552285
-5.189252855111639
-3.4047255290726897
-5.329577181949287
-7.453726001960335
-5.275255043420653
-7.252191987112437
-1.8873690769160996
0.7920282127374119
-7.058830196644737
-1.8394748307702415
-5.122055700195847
-4.833595102117531
-5.766078775601392
-5.58380395257567
0.3678340818628465
0.7257334481439753
-4.522078490762037
-5.57789937638868
0.562090937844938
-0.029215801593701667
-0.96820650974549
0.819172460155429
-3.389888744432212
-3.316618760840409
0.39497832928086285
-2.407267978277015
-1.2227923538856391
-4.940355220442252
-3.089177164118276
-4.83207942379032
-4.193111407473168
-10.644316766283401
-5.013395284338669
-9.095462766906598
-7.638145005642321
-5.999597829092905
-5.151209567343774
-3.2297757790301422
-6.138480089810261
-9.389569097490385
-1.7815920662567994
-6.353536227977814
-4.62049010499741
-3.1678130351818505
-4.212396545185338
-4.714674329999071
-3.3786337383907745
-0.49953566864205456
-4.937859542271913
-5.706427501115761
-3.301456546378762
-3.301456546378762
-3.301456546378762
-5.1216710809906
-1.8921451634984037
-3.174788254180217
-2.7086130912471567
-2.7146529642514907
-1.4656737320340165
-3.2060772057135245
-3.9635252414437154
-4.498272469560018
-4.460989355910083
-2.6378387858256938
-6.140975767980602
-1.210869510313349
-2.0592577720624385
-2.7461145824776247
-3.093626692178206
-4.193111407473168
-2.828640193479776
-4.698740736538049
-5.351358649717708
-1.7503146568383892
-4.387719372318281
-4.093121461611161
-6.850911346910885
-2.629980328005757
-6.374084445194645
1.196053315192326
-5.587922490681792
-2.0617534502327777
-1.3479239303912378
-4.940660044386893
-0.7453621849111204
-6.029371626907566
-7.00420081437021
-3.9960322685113296
-2.8924246299658445
-2.407267978277015
-11.071006575328306
-4.0824412227933005
-1.5588797165280137
-4.023176515929346
-1.8828895360882971
-3.5418267887394905
-1.7721180612658467
-5.318423615143032
-4.197874305749478
-4.758809440198518
-2.781883074838959
-4.197874305749478
-0.6347841747203998
-4.09644649952115
-1.6588696623899226
-6.739891088005593
0.28670253262893214
-5.556985134978822
-4.2325655736049885
-6.922443614097721
0.819172460155429
-5.571465953927707
-4.0978843598874715
-7.03418162739706
-2.044036368216714
-5.711790280765356
0.455940850095127
-3.6451081212285668
-5.525696183445515
-0.8627672787023539
-1.786954845906257
-5.147627788744735
-2.0830637932644582
-1.7259923250919744
-1.6588696623899226
-2.0592577720624385
-4.925552079494373
-0.47988465940873526
0.819172460155429
-7.371541995990319
-3.1003001950541074
-5.525696183445515
-3.343763008258427
-3.3627444970141944
-4.940660044386893
-4.273147736313688
-2.8924246299658445
-7.466662223598623
-3.9565469146231735
-4.395577830138216
-11.492705028032534
-4.411896649413306
-4.708596873229691
-2.46823049909128
-1.6469864847602884
-5.156541811122946
-5.525696183445515
-6.2864531492180555
-1.9830738474025018
-2.743618904307286
-4.423404565024117
-0.260416862908194
-4.420226399385894
-5.883727789083624
-5.89178052932287
-5.58380395257567
-1.6469864847602884
-4.085032078169066
0.819172460155429
-1.1346855856533715
-4.366209084801899
-5.971367481246188
-2.919568877383862
-1.582393308459631
-4.890546266434244
0.5534141305537125
-3.9540512364528335
-3.3934705230312523
-3.4224426110887545
-1.9830738474025018
-2.316339294372929
-4.86458955868011
-2.5736515440591026
-4.0824412227933005
-0.5266799160600747
-2.6353431076553533
1.447928128476628
-3.7174281088893095
-3.086681485947936
-2.46823049909128
-5.78091556024187
-3.3191144390107485
-4.071801038095647
0.562090937844938
-3.6747511546391007
-2.530245476641644
-3.687089153287063
-1.240835673403196
-0.8800997415132
-3.316618760840409
-3.67985037090071
-2.5450822612821224
-7.392974810831984
-2.0465320463870547
-4.19500400582461
-3.2528343243543403
-6.877759888656695
-7.288632388609428
-3.5989823850547817
-4.241858784780382
-1.6375593193582758
-0.4805541798862954
-5.8470387868437
-5.750904211344596
-3.5108756168225006
-5.0906766244280215
-2.3263999924310874
-2.750594123305653
-2.0830637932644582
-5.178353814761793
-4.811913503192845
-6.5938298246003955
-4.3081535493738174
-1.8165947714946442
-0.6349557127120145
1.3043291118442581
-1.7259923250919744
-1.6588696623899226
-8.193679051746889
-5.968871803075848
-1.7284880032624668
-3.768917276598603
-0.8800997415132
-3.6810069757141535
-0.813819626856787
-3.090826190063225
-1.9293501089747156
-5.208127612576452
-4.191016292691583
-1.814099093324358
-2.3244161297734
-6.307921919958187
-3.574333815807104
-3.7560342955606982
-0.014379016953222258
-1.4833439744611974
-6.0231602979118835
-4.093121461611161
3.001105635342518
-4.665385078124092
-1.9275815990026859
0.562090937844938
-4.034931997571908
-6.409166505012904
-5.182633601804865
-4.63532688963789
-2.3465690208507377
0.5114330984952163
-6.539042975617767
-4.602268479168878
-2.152682134136865
-6.988055891223275
-4.677307921696385
-4.387719372318281
-5.999597829092905
-4.034931997571908
0.3678340818628465
2.8928298386905857
-0.029215801593701667
-7.722435607402656
-8.192786010321432
-9.217730349755096
-4.113778962331967
-4.225969543403802
-1.8873690769160996
-2.9978456749336693
-0.06050475312701051
-2.0830637932644582
-7.01401259897741
-4.93502297666308
-4.368364806472118
-2.071180615634732
-3.7668221618170183
0.8801349809696928
-4.732347680248382
-2.4044460626052104
-2.196312192140311
-11.140396458136346
-0.5686609481185649
-1.2133651884836893
0.7257334481439753
-3.529857105578269
-4.269003032198399
-5.013395284338669
-11.140396458136346
-5.23610763406741
-1.467951032623862
-2.6378387858256938
-2.6353431076553533
-3.830183446369269
-2.6378387858256938
-7.3019540195312596
-6.5913341464300546
-3.142281227112603
-7.27260979961511
-6.684903563155667
-5.189608820803231
-6.169635693725829
0.03174671922056184
-5.78341123841221
0.6904685506315837
-3.9985279466816697
-2.2234564395583285
-1.3042938723877788
-0.5090096736329328
-5.216753068221249
-6.436310752430921
-3.899740804957646
-0.4559056106386055
-2.044036368216714
-7.255931906826253
-3.3102082982501666
-4.197874305749478
-5.682421856449965
-6.140975767980602
-4.346552802833274
-4.241858784780382
-4.411896649413306
-7.934711881840969
-7.860246782585588
-3.8289196599472555
3.4252997662170825
-4.548483907827622
-2.894920308136183
-4.517315592485726
-10.031957796888006
-6.374084445194645
-4.359263878571631
-10.220122635408837
-2.8238641068974553
-3.7408128917149743
-2.316339294372929
-5.949890314320079
1.620247446066891
-6.511898728199751
0.8340092447959075
-11.492705028032534
-2.4382314999891532
-1.1346855856533715
-1.1346855856533715
-2.9599831809812933
-1.584888986630071
-4.833595102117531
-4.83609078028787
-2.196312192140311
-7.696803930489675
-4.395577830138216
-0.676936744770504
-3.5108756168225006
-0.055690528534168345
-3.316618760840409
-2.6937763066066776
-5.276442583084536
-5.255732047405061
-2.750594123305653
-3.944170675597554
-1.702026243312362
-1.1011308756450706
-4.83609078028787
-2.071180615634732
-2.8924246299658445
-5.074357805152932
-4.3346153093239534
-3.290526970158493
-2.213644654951129
-4.522078490762037
-2.4421387084093626
-4.381045869442379
-8.441108204760823
-0.5007232083059376
-5.086665267930472
-3.5718381376367647
-7.49786111215978
-7.218069412873878
0.40981511392134223
-4.498272469560018
-2.676106064179543
-5.121535998062819
-6.000027406991415
-2.0621871804988223
0.562090937844938
-2.711108769417496
-1.0130241074128152
-1.7721180612658467
-2.0830637932644582
-2.9978456749336693
-1.3924006406200777
-3.093321868233565
-1.5329992555320224
-3.9960322685113296
-1.9830738474025018
-2.494239769193324
-3.768917276598603
-0.3476444639237085
-0.4534099324682718
-7.27260979961511
-1.99547333557637
-2.6353431076553533
-0.8776040633428531
-3.9960322685113296
-4.609446428641886
-1.8873690769160996
-3.0620329167002587
-5.3567214293673056
-0.3624812485641822
-0.48469888400157246
0.819172460155429
-4.717510895607904
-2.912458575457713
-1.210869510313349
-9.33834414505499
-7.01401259897741
-3.255656240026146
-3.8560639073652725
-0.031711479764043204
-0.9040787902833279
-5.015890962509008
-4.420226399385894
-1.0437569017492756
-3.532352783748609
0.819172460155429
-0.7566171909525461
-2.4044460626052104
-1.8165947714946442
-3.849088688366906
-4.346552802833274
-4.089471280522782
-2.1498602184650593
-0.2379253548575242
0.40981511392134223
-1.3479239303912378
-2.4707261772616187
-4.044747177114182
-4.056964253455169
-2.5567218865288055
-7.011516920807069
-1.7083336247798482
-6.395561612120752
-5.4228446559691355
-6.684903563155667
-2.152682134136865
-2.5715586711692846
-4.677307921696385
-2.894920308136183
-5.068995025503336
-5.189252855111639
-8.083790137433827
-1.7721180612658467
-0.710491454778771
-2.46823049909128
-3.3800587737497376
-5.148891575166749
-2.9205290148494734
-2.831462109151581
-4.819771961012781
-5.459533658209059
-1.7259923250919744
-7.0017051361998695
-5.360604637973245
-4.814746960979503
-3.089177164118276
-1.6469864847602884
-3.3786337383907745
-3.316618760840409
-3.7679571391329914
-2.225410610468843
-2.3263999924310874
-4.86708523685045
-6.303159021681879
-1.8627205076683895
-2.8924246299658445
0.3476650534431948
-0.36314908609504254
-4.73932289924675
-5.299903612668332
-0.7191682620699871
-2.5834815147415777
-4.3081535493738174
-0.96820650974549
-4.693197163072964
-5.033429229830538
-3.5989823850547817
1.6823975065450378
-4.3807410454977385
-5.766078775601392
-3.5610127094938364
-3.146927953526123
-3.9960322685113296
-3.399014096496337
-2.284418960372592
-2.918433900067888
-5.243966091887346
-3.7894343060590994
-5.370983063055359
-0.813819626856787
-9.911344001588114
-1.584888986630071
-7.472329304090533
-3.0595372385299187
-3.0076756456161426
-1.4152806998955945
-6.16701186766388
-4.46884781373002
-3.91110366591727
-2.9957528020438486
-5.756266990994193
-0.4559056106386055
-4.346552802833274
0.03456863489236845
-5.1949410645824035
-5.257789232992096
2.296316390225758
-2.071180615634732
-1.6469864847602884
-8.126460709857573
-2.071180615634732
-3.6539699099047063
-6.848415668740544
-5.939064886177152
-3.4837313694044836
-7.4180408092544985
-0.8627672787023539
-5.309377617659213
-2.2111489767807884
-4.021408005957169
-4.522078490762037
-5.148891575166749
1.8194519266229094
-1.333087145750706
-4.2556094689921595
-11.492705028032534
-1.158199177585048
-1.1346855856533715
-2.8690398471401806
-6.996680136166591
-3.316618760840409
-1.3899049624497135
-3.4837313694044836
-2.8924246299658445
-3.808394665836011
3.4252997662170825
-5.531028427224687
-5.076853483323273
-1.3899049624497135
-3.0620329167002587
-0.9237297995166291
-2.150186455966525
-0.8776040633428531
-2.919568877383862
-7.068304201635621
-5.1690606035863995
-5.878964890807313
-1.7815920662567994
-11.140396458136346
-2.6378387858256938
-4.758809440198518
-0.08481554275837129
-8.081294459263487
0.3685036023404
-1.4631749460414922
-2.0291995835762355
-2.6353431076553533
-3.5594970311666256
-4.365904260857259
-4.280258038239837
-4.754159683887228
-4.25311379082182
-1.7746137394361805
-0.9657108315751414
-2.9656946135576465
-2.6909428488200215
-2.316339294372929
-7.0863236200918385
-1.6469864847602884
-2.775404155379842
-4.089471280522782
-5.1949410645824035
-0.9657108315751414
-3.389888744432212
-5.996016050493865
-1.7721180612658467
-3.2209139903540023
-4.500768147730357
3.001105635342518
0.3678340818628465
-5.106834296350122
-3.343763008258427
-3.132807222121721
-5.12416675916094
-3.6327701225806046
-3.91110366591727
3.001105635342518
-1.8453880448576887
-4.381045869442379
-1.3504196085615592
-3.0010703958859946
-0.4534099324682718
-3.4072212072430297
-5.035339527334494
-2.6619826315232067
-7.28876747153721
-2.152682134136865
-7.137337089137525
-7.333112206660439
-1.2133651884836893
-4.677307921696385
-7.00420081437021
-0.5090096736329328
-0.49953566864205456
-4.192151270007557
-0.9508740469346549
-5.013395284338669
-6.104120309154191
-0.5686609481185649
-0.9928550789931357
-1.7746137394361805
-4.368364806472118
-3.250557023764535
-4.517315592485726
-4.232588796710576
-2.407267978277015
-2.290458833376925
1.620247446066891
-6.844404312242994
-3.343763008258427
-11.495200706202874
-4.023176515929346
-2.46823049909128
-5.128646299988968
-3.8289196599472555
-3.764326483646678
-2.213644654951129
-5.8133920514390605
-2.407267978277015
3.001105635342518
-2.6378387858256938
-11.492705028032534
-0.7340050467104805
-4.839057750610863
-9.621755452210008
-5.297070154881674
-2.919568877383862
-2.743618904307286
-3.9635252414437154
0.5733459438863762
-4.25311379082182
-4.188520614521242
-2.381387517281012
-2.0617534502327777
-3.6451081212285668
-1.7284880032624668
-3.4783685897548877
-5.4675863984483035
-0.8800997415132
-3.1730197442080397
-0.8800997415132
-1.3899049624497135
-8.441108204760823
-7.253436228655912
-2.407267978277015
-1.8412433407423088
-4.409400971242966
-5.001411235515243
-3.5199765447229896
-1.0739866282270432
-3.301781976199931
-5.1690606035863995
-3.6501025853914224
-6.42671721603632
-0.7340050467104805
-7.01802395547496
-1.6211060237643127
-5.0906766244280215
-3.0076756456161426
-5.324214402299691
-2.0592577720624385
-6.552793659829546
-8.123493739534581
-4.774328712306878
-3.635047423170409
-3.4837313694044836
-3.0595372385299187
-2.8924246299658445
-2.8098588301696052
-2.6934385269903602
-1.3479239303912378
-3.9540512364528335
-0.08481554275837129
-3.7408128917149743
-4.211132758763324
-1.8165947714946442
-2.910575442247952
-4.82958374561998
-3.9960322685113296
-2.5736515440591026
-0.9047483107608779
0.8801349809696928
0.819172460155429
-1.210869510313349
-11.44450855065776
-4.468941307988746
-5.768574453771731
-7.015528277304619
-5.711790280765356
-6.005490055484747
-5.267396585600717
-3.773680174874914
-5.996016050493865
-5.6339719800974475
-0.031711479764043204
-2.0617534502327777
-0.9332038045075304
-5.68046768553945
-4.78684750477033
-1.2716816832631774
-4.666052915654947
0.21360408702873598
-4.765058724237073
-4.9280477576647135
-2.938934985344875
-4.3807410454977385
0.03174671922056184
-0.8800997415132
-1.3899049624497135
-2.963245774976236
-3.2085759917060392
-2.5834815147415777
-2.150186455966525
-1.8873690769160996
-0.9508740469346549
-2.579001973913551
-4.9053525152042985
-4.1314523125812785
-1.6350636411879444
-4.940660044386893
-7.0017051361998695
-2.483451902937003
-7.137337089137525
-4.493496382977697
-2.9656946135576465
-7.211455196597416
0.03174671922056184
-4.034931997571908
-1.5588797165280137
-3.7408128917149743
-1.5051559780999961
-2.407267978277015
-5.861783546087798
-7.3920809936781895
-2.894920308136183
-4.758809440198518
-4.885183486784648
-2.576506295743211
-0.8776040633428531
0.13789680697037374
-8.104320168575383
-6.303159021681879
-4.83207942379032
-2.6378387858256938
-1.6469864847602884
-3.8176646539058168
-7.262675680855295
-4.744866472711835
-0.30981091583589637
-2.851707384329362
-7.559035541841749
-4.075342125107466
-0.21059004384583344
-1.7284880032624668
0.13789680697037374
-7.500784797837183
-3.9223586719587087
-3.301781976199931
-8.691437664451682
-2.8924246299658445
-2.407267978277015
-4.387719372318281
-8.329887269988232
-6.829242097781347
-4.390552830104938
-2.9656946135576465
-1.4981807591016856
-6.119498601054494
-5.189608820803231
-2.407267978277015
-3.808394665836011
-9.647287260279255
-3.0620329167002587
-0.4559056106386055
-3.1056629747037037
-3.8169968163749624
-0.260416862908194
-4.560287447110382
-5.3567214293673056
-8.57749478730784
-4.665385078124092
-1.9534923035179768
-2.963245774976236
0.2797273136305638
-5.364854175261457
-2.064070313708583
-6.850911346910885
-4.666482493553457
-7.495707034018831
-0.014379016953222258
-4.947333547262795
-3.3191144390107485
-5.941130986448981
-5.178353814761793
-11.140396458136346
-4.7839334817018875
-1.2380137577313937
0.9862850687195035
0.562090937844938
3.4252997662170825
-1.6375593193582758
3.001105635342518
2.8928298386905857
3.001105635342518
-5.314740397308809
-2.284418960372592
-2.6937763066066776
-4.8986790123283965
-6.984372673389051
-4.677307921696385
-5.758762669164532
-0.798598223011042
-3.7894343060590994
2.0444415769414563
-5.878964890807313
-4.1416222397638744
-2.775404155379842
-4.624071883596451
-4.63532688963789
-6.986868351559392
-2.8924246299658445
-3.1476440067622
-2.7488256133334743
-2.8924246299658445
-5.7142859589356965
-0.6846109937827523
-0.8627672787023539
-2.071180615634732
-4.662471137055907
2.0444415769414563
-1.8412433407423088
-2.196312192140311
-2.0830637932644582
-1.9689969256893598
-3.4783685897548877
-2.7488256133334743
-11.495200706202874
-3.486227047574823
-7.015528277304619
-7.015528277304619
-4.894429475040185
-5.043392267573739
-7.006154141157473
-5.598966167037317
-5.341884644726826
-4.211132758763324
-7.3019540195312596
3.4252997662170825
-1.6169874856580915
-0.5007232083059376
-1.9571933864065147
-4.139126561593534
-1.1346855856533715
-1.9571933864065147
-4.139126561593534
-2.893688416387858
-4.139126561593534
-4.139126561593534
-1.9571933864065147
-2.893688416387858
-1.9571933864065147
-0.5266799160600747
-1.3017981942174446
-2.9957528020438486
-2.071180615634732
-5.724097743542896
-3.316618760840409
-5.981179265853386
-3.1963589153650522
-7.2685984431175585
-7.2710941212878994
-6.007998083450235
-4.09644649952115
0.637798217903301
-4.940660044386893
-8.35453583923591
-5.977034561738097
-3.8289196599472555
-0.7340050467104805
-5.0906766244280215
-2.894920308136183
-0.4559056106386055
-5.604702023777308
-2.750594123305653
-7.775187909648053
-4.25311379082182
-2.196312192140311
-2.718087096238038
-11.495200706202874
-3.389888744432212
-5.0906766244280215
3.4252997662170825
-0.3649769267345231
-5.78091556024187
-3.594502844226756
-4.754159683887228
-4.25311379082182
-2.407267978277015
-3.062715404168141
-5.8470387868437
-4.7666784763506795
-2.750594123305653
-3.9223586719587087
-7.462855299099652
-6.547837436044348
-7.968180979208131
-1.8165947714946442
-5.52608080265076
-0.9262254776869625
-3.51337129499284
-3.132807222121721
-1.7815920662567994
-3.529857105578269
-1.6223379155125632
-3.0595372385299187
-1.362760715031716
-2.0592577720624385
-3.658247091918735
-2.5768762650114296
-0.8776040633428531
-3.4100577728518626
-3.344723145724038
-2.915938221897548
-0.1426983072718262
-5.163517030121315
-2.4707261772616187
-4.754159683887228
-1.7721180612658467
-0.4534099324682718
-3.132807222121721
-2.938934985344875
-11.068510897157969
0.6760781670732233
-3.9985279466816697
0.562090937844938
-3.584145600414304
-5.838398763262134
-5.033429229830538
0.562090937844938
-5.6339719800974475
-0.6846109937827523
-5.999597829092905
-11.580976277668357
-4.378245367327398
-1.4833439744611974
-3.0620329167002587
-1.1606948557554218
-4.817276282842442
-3.529857105578269
-2.2654374716168233
-2.491744091022983
-3.086681485947936
-3.574333815807104
-0.710491454778771
-2.9964206395747044
-1.328942441635441
-3.4449285029842094
-4.074634495882304
-5.835903085091794
-6.453565757782131
-4.368364806472118
-3.4248945574923413
-7.181755461307291
-0.014379016953222258
-3.9985279466816697
-2.6353431076553533
-0.8800997415132
-3.4520388049103587
-2.071180615634732
-0.710491454778771
-1.3899049624497135
-7.015528277304619
-7.467849763262506
-3.0620329167002587
-5.263251881485428
-5.376890457786956
-4.548483907827622
-6.772398115073206
-3.1730197442080397
-2.8924246299658445
-2.915938221897548
-4.849752774039632
-3.3934705230312523
-1.6469864847602884
0.39497832928086285
-3.2297757790301422
-3.6014780632251213
-2.9957528020438486
-2.152682134136865
-4.8895797279571775
-2.753089801475992
-6.71064728009262
-3.4783685897548877
-3.649884207810888
-4.335297796791836
-4.7925589373466835
-5.075621591574946
1.3043291118442581
-3.574333815807104
-5.5718219196193
-1.8696988344891219
-7.7549426344702725
-3.944170675597554
-1.995644873567976
-3.392802685500397
-1.4586954052134715
-4.411896649413306
-8.35703151740625
-2.77773837072367
-3.199598286254406
-2.2382932241988063
-5.331823946668669
-2.152682134136865
1.3043291118442581
-2.6624873550733716
-3.115136979694586
-5.744763071501796
-1.6198422373423165
-2.9858636419772973
-1.6223379155125632
-6.848415668740544
-1.5588797165280137
-1.8803938579176995
-1.4939603027258441
-3.8140828753067764
-4.522078490762037
-2.4421387084093626
-5.253777876494547
-5.121535998062819
-4.517315592485726
-6.798278576069209
-2.945578147485905
-4.85803923936663
-4.069302252103133
-0.8776040633428531
-4.193111407473168
-2.718087096238038
-1.2716816832631774
-0.9040787902833279
-6.144147170302172
-4.111283284161627
-6.798278576069209
1.620247446066891
-1.2170809213092495
-0.5686609481185649
-1.6050054527016886
-2.4421387084093626
-1.1346855856533715
-4.212396545185338
-7.901886214614694
0.39497832928086285
-2.4421387084093626
-3.132807222121721
-4.39021505048862
0.03456863489236845
-3.9663586992303723
-4.2556094689921595
-1.99547333557637
-4.481158384329734
0.8166767819850896
-2.2897512041517634
-0.5266799160600747
-0.5686609481185649
-0.14446681724400084
-3.089177164118276
-3.4261583439143553
-2.4275132534547974
-4.241858784780382
-6.395561612120752
-2.2111489767807884
-0.8800997415132
-1.3017981942174446
-3.786938627888759
-0.2862973239041938
-1.017168811528101
-2.0465320463870547
-2.718087096238038
-2.0291995835762355
-0.055690528534168345
-11.56459058901091
-7.775187909648053
-7.442218086349524
-7.275105477785449
-2.311563207790609
-3.966020919614056
-2.6378387858256938
-6.405047966906783
-1.4833439744611974
-4.0824412227933005
-0.8800997415132
-3.687089153287063
-0.8166415425285669
-6.177965443698416
0.9710636648737794
0.819172460155429
-1.8165947714946442
-11.56459058901091
-8.586968792298725
-4.034931997571908
-5.493189156377901
-4.671596489120032
1.3043291118442581
-1.3042938723877788
0.562090937844938
-7.719936821410141
-7.27260979961511
-0.43857314782778806
-4.712178651828732
-4.522078490762037
-3.6107378666973435
-7.3019540195312596
-2.8924246299658445
-8.332382948158573
-2.750594123305653
-3.935069747697067
-2.7086130912471567
-2.743618904307286
-2.6353431076553533
-0.4559056106386055
-10.30839388504466
-3.2907382998444055
-5.472671475031493
-3.2907382998444055
-3.2907382998444055
-3.2907382998444055
-4.227233329825816
-3.399014096496337
-3.399014096496337
-3.401509774666677
-5.341884644726826
-0.7365007248808056
-3.316618760840409
-2.071180615634732
-1.1808113218271312
-10.583782290260666
-8.332382948158573
-1.6198422373423165
-3.343763008258427
-2.5777700821652245
-7.707629358632603
-4.434488033073949
-3.9960322685113296
-8.187423230671838
-3.0541744588803224
-5.314740397308809
-5.835903085091794
-4.590464939886117
-3.9540512364528335
-2.828640193479776
-3.987702518538742
-3.0595372385299187
-1.8135943697741397
-4.241190947249526
-6.831737775951688
-4.361389587473751
-1.3479239303912378
-10.294503874557554
-2.9978456749336693
-2.044036368216714
-4.535477415036193
-11.142892136306687
-10.840863812571156
-0.47988465940873526
-1.2869614095769333
-5.723759963926579
-3.174788254180217
-3.0595372385299187
-6.722742834002454
-10.646812444453742
-2.0830637932644582
-4.93252729849274
-1.2133651884836893
-0.014379016953222258
-5.748408533174257
-2.7086130912471567
-3.132807222121721
-4.744866472711835
2.5769115044679527
-0.8776040633428531
-4.2422883626788925
-3.3786337383907745
-2.7461145824776247
-5.271110339305364
-6.280878460700753
-9.186133989557298
-0.2862973239041938
-3.563508387664176
-6.888881022471829
-0.9657108315751414
-4.833595102117531
3.001105635342518
-1.8412433407423088
0.562090937844938
-4.241858784780382
-0.029215801593701667
-4.436678566278722
-11.071006575328306
-4.247402358245467
-4.089471280522782
-7.677630359530476
-5.183686058540965
-0.9910865690209538
-3.8169968163749624
-7.0017051361998695
-2.362465030546715
-5.189252855111639
-6.012116621556356
-0.4559056106386055
-7.01802395547496
-3.316618760840409
-2.2382932241988063
0.3678340818628465
-0.8800997415132
-6.848415668740544
-3.9960322685113296
-6.8024232801845
-7.510517750966405
-6.620148457158778
-4.193111407473168
-1.584888986630071
-2.0617534502327777
-3.250557023764535
-3.0620329167002587
-6.307921919958187
-0.7718385947982747
-4.619198136699175
-4.241190947249526
-4.83609078028787
-2.46823049909128
-3.152478475048301
-2.817385187438338
-7.020990925797951
-4.756313762028178
-4.940660044386893
-7.510517750966405
-2.14736454029472
-3.1529762505413728
-1.7721180612658467
-6.859241096883474
-4.78684750477033
-2.82636289288997
-1.3042938723877788
-7.241454195699542
-4.204722296173082
-4.508333167618175
-5.1690606035863995
-3.54014557314264
-5.2739469049141965
-1.3573979353821188
-5.883727789083624
-1.8165947714946442
-2.149457413184538
-6.117002922884155
-4.500768147730357
-2.8924246299658445
-7.284487684494139
-3.316618760840409
-2.7843818608314748
-7.389585315507849
-4.076574016855792
-3.6476069072210833
-5.633836897169664
-3.9960322685113296
-4.86708523685045
-5.587711160995879
-3.5393311105691505
-0.8627672787023539
-4.922466600434582
-7.0715129031442645
-6.135984411639922
1.728523242718823
-7.719936821410141
-6.303159021681879
-3.2001639916260567
-9.377646253918092
-1.582393308459631
-4.36340858268692
-0.8776040633428531
-3.7721018432482807
-2.750594123305653
-4.940660044386893
-3.241083018773654
-7.01802395547496
-4.241190947249526
-4.833595102117531
-4.315128768372184
-3.9635252414437154
-2.0291995835762355
-1.814099093324358
-6.007998083450235
-1.5588797165280137
-6.010852835134345
-5.332072860119627
-4.25311379082182
-5.996016050493865
-4.410721858524587
-3.174788254180217
-3.71493243071897
2.0444415769414563
-4.86708523685045
-10.718698005432119
-4.393082151967876
-2.3263999924310874
-3.498164541084144
-5.314740397308809
-2.9544396075162083
0.0765496669508628
-10.292008196387217
-7.466662223598623
-4.191016292691583
-4.2556094689921595
-7.255931906826253
-0.908893014876149
-0.4805541798862954
-4.407885292915756
-6.436310752430921
-2.718087096238038
-2.6378387858256938
-3.3191144390107485
-2.66663205918866
1.3952577957483445
-3.4248945574923413
-3.0620329167002587
-5.726593421713235
-3.768917276598603
-3.7408128917149743
-5.738934528183374
-5.341884644726826
-4.817276282842442
-7.9650955001483394
-0.9047483107608779
-4.023176515929346
-3.985206840368401
-0.798598223011042
-3.132807222121721
0.7920282127374119
-5.341884644726826
-8.186522360620673
-4.483778092629225
-2.9314520550135876
-1.3894002388995905
-4.493496382977697
-3.329018249014328
-5.7224487175979455
-4.405389614745416
-7.058830196644737
-1.45619972704322
-5.525696183445515
-9.132487575179896
-5.775552780592274
-11.142892136306687
-7.137337089137525
-2.286914638542931
-4.82958374561998
-4.0978843598874715
-1.8873690769160996
-2.407267978277015
-3.665277149648218
-5.528191861615855
-6.056515874325583
-3.6327701225806046
-6.217417153893973
-3.7756836218473206
-6.418429180317873
-3.7668221618170183
-7.859905182556198
-3.1353029002920607
-8.965374966615821
0.9862850687195035
-4.165007022589539
-2.7146529642514907
-3.8314153381175955
-2.3219204516030603
-7.258786658510361
3.001105635342518
-5.591990948038951
-3.0620329167002587
-0.8776040633428531
-8.923393934557323
-6.395561612120752
-4.229729007996156
-2.9978456749336693
-4.677307921696385
3.001105635342518
-0.9332038045075304
-3.8176646539058168
-2.4995194506245864
-2.9252919131257835
-5.272759365250313
-4.420226399385894
-5.9386353082786405
-3.820160332076157
-7.649162515988679
-5.514870755302586
-3.0076756456161426
-4.86708523685045
-1.6375593193582758
-3.0541744588803224
-6.393065933950411
-4.298883561304012
-4.25311379082182
-6.462191213426924
-6.984372673389051
-3.3627444970141944
-5.260284911162436
-5.586658704259778
3.4252997662170825
-1.814099093324358
-4.280258038239837
-4.86458955868011
-2.750594123305653
-4.315128768372184
-2.0830637932644582
-2.150186455966525
-6.562674220684827
-5.33490942572846
3.001105635342518
-1.14708507382728
-4.0978843598874715
-2.6378387858256938
-2.755926367084825
-5.376890457786956
-1.8394748307702415
0.562090937844938
-3.2297757790301422
-3.086681485947936
2.5769115044679527
-7.01802395547496
-1.9830738474025018
-4.378245367327398
-4.332461231183003
-2.6496047413434076
0.39497832928086285
-5.613802951677796
-7.255931906826253
-2.0592577720624385
-5.074357805152932
-2.805581648155577
2.8928298386905857
-6.307921919958187
-4.104308065163261
-3.8289196599472555
-6.2051096911164345
-5.952385992490419
-2.407267978277015
-1.814099093324358
-3.8560639073652725
-8.611617361546402
-3.3191144390107485
0.13789680697037374
0.12267540312464753
-2.328895670601427
-2.831462109151581
-3.8289196599472555
-7.27260979961511
0.455940850095127
-7.052279877331258
-1.7531365725102257
-4.831537916530496
-3.6476069072210833
-1.2227923538856391
-7.3019540195312596
-7.224836410008508
-11.068510897157969
-1.4152806998955945
-7.56153122001209
-4.890546266434244
-8.329887269988232
-7.435711051681634
-4.241858784780382
-7.242641735363425
-2.353544239849105
-3.6107378666973435
-1.5253250065197557
-2.4707261772616187
-7.01802395547496
-1.4833439744611974
-3.419946932918415
-3.820160332076157
-4.586935394989149
-4.499536255982031
-7.242641735363425
-7.01802395547496
-4.8715647776784765
-4.254377577243833
-3.6327701225806046
-2.893688416387858
-1.6705000766920342
-3.8289196599472555
-2.2519119333049775
-3.5288905671012016
-4.99865052509457
-5.043392267573739
-4.708596873229691
-1.1346855856533715
-0.05636004901172035
-2.407267978277015
-1.57912499170578
-3.6747511546391007
-7.188917996935515
-2.9957528020438486
-3.343763008258427
-7.253436228655912
-0.9508740469346549
-3.8176646539058168
-2.4953747465092966
-9.654262479277623
-3.132807222121721
-11.142892136306687
-3.0447004538894396
-5.314740397308809
-5.454770759932748
-2.8663328392839267
-2.196312192140311
-5.598966167037317
-6.315696957131027
-5.322873143202963
-3.0007004266177764
-0.5686609481185649
-2.340520723835488
-4.069302252103133
-7.258786658510361
0.13789680697037374
1.3043291118442581
-4.586935394989149
-4.666052915654947
-2.576506295743211
-3.773680174874914
-4.856727993037998
-1.9293501089747156
-7.939093207606738
-4.25311379082182
-1.5051559780999961
-1.9293501089747156
-1.9571933864065147
-7.8718748657174205
-1.814099093324358
-5.677972007369111
-2.2234564395583285
-1.1011308756450706
-5.015890962509008
-2.149703330410481
0.455940850095127
-5.475167153201833
-1.5588797165280137
-4.895537622774923
-7.0017051361998695
-2.2111489767807884
-2.2111489767807884
-4.165007022589539
-6.393065933950411
-4.162741264114585
-1.9830738474025018
-4.023176515929346
-4.422722077556235
-3.0595372385299187
-3.9960322685113296
-4.758809440198518
-3.405989315494704
-3.71493243071897
-3.71493243071897
-1.5329992555320224
-2.4694942855132935
-1.5329992555320224
-3.71493243071897
-3.71493243071897
-2.4694942855132935
-6.524206190977291
-3.6451081212285668
-7.462855299099652
-3.8176646539058168
-6.407543645077122
-5.121535998062819
-7.783398128216921
-4.765058724237073
-2.6156325761175987
-10.586277968431007
-3.7679571391329914
-6.0379970825523595
-1.7894505240765697
-4.833595102117531
0.5468695339992136
-7.0863236200918385
-3.8955843938089094
-6.072867812684707
-4.495992061148037
-1.814099093324358
-5.0902470465295115
-3.5989823850547817
-5.25981774949888
-6.599630252710043
-1.8921451634984037
-11.492705028032534
-2.150186455966525
-3.8839594184992534
-1.6050054527016886
-1.9683290881586715
-5.738934528183374
-11.567086267181251
-4.82958374561998
-2.5768762650114296
-4.893041944604584
-1.8921451634984037
-1.3504196085615592
-0.541516700700557
-6.363066934848287
-1.6379930496244441
-5.525696183445515
-1.4656737320340165
-1.8394748307702415
-4.46635213555968
-1.3924006406200777
-4.050290750579268
-0.8800997415132
-3.1179704374812434
-2.290458833376925
-5.695304470179929
-0.49953566864205456
0.36368937774755694
-3.290526970158493
-8.332382948158573
-7.01802395547496
-3.8289196599472555
-4.937859542271913
-1.814099093324358
-2.8238641068974553
-7.56153122001209
-1.6375593193582758
1.6823975065450378
-1.5937504466602714
-2.6378387858256938
-6.435046966008909
-7.635649327471982
-5.723759963926579
-7.699299608660014
-3.062715404168141
-8.338375981573977
-2.689631602491389
-5.271792826773246
-4.819771961012781
-2.7086130912471567
-4.817276282842442
0.455940850095127
-3.4070643191884513
-3.15013968493254
-0.56168572912021
-3.768917276598603
-3.0076756456161426
-7.430348272032037
-8.329887269988232
-2.918433900067888
-0.8776040633428531
2.0444415769414563
-3.5594970311666256
-0.4534099324682718
-6.8737188080101825
-7.866412217224089
-7.7371373091153535
-0.8776040633428531
-2.894920308136183
-1.5937504466602714
-8.925889612727664
-4.987514823342665
-7.27260979961511
-4.83609078028787
-11.492705028032534
-9.0534817348481
-1.9022058615568402
0.562090937844938
-2.045300154638728
3.4252997662170825
-3.117632657864925
-0.47988465940873526
-4.315128768372184
-2.4382314999891532
-5.189252855111639
-5.102765838992964
-3.714721101033058
-3.5108756168225006
-4.326383774413623
-2.0179445775347977
-0.2862973239041938
-4.051632009675997
-7.1469369648770185
-3.0595372385299187
-6.974492112533771
-11.56459058901091
-3.0076756456161426
-1.953663841509845
-3.347907712373716
-5.1216710809906
-4.922466600434582
-11.56459058901091
-3.3959662012015914
-3.902189643539058
-2.7086130912471567
-6.303159021681879
-4.280258038239837
-3.7721018432482807
-7.3159117189552285
-5.475167153201833
-3.8176646539058168
-2.0411816165326058
-5.587711160995879
-4.624071883596451
-3.5989823850547817
0.12267540312464753
-7.56153122001209
-4.197874305749478
-6.968780679957418
-2.213644654951129
-6.217417153893973
-1.362760715031716
-3.0620329167002587
-5.0747424243581785
0.03174671922056184
-0.8800997415132
-5.136372782703297
-8.434356142141192
-4.167502700759878
-5.102765838992964
-4.765414689928666
-6.819711390910874
-3.7882024143107724
0.819172460155429
-1.6350636411879444
-8.408824334071946
-3.935069747697067
-6.777730358852378
-3.0076756456161426
-5.314740397308809
1.3043291118442581
-4.138915231907622
-3.15013968493254
-7.015528277304619
-1.5588797165280137
0.13789680697037374
-2.943082469315566
-2.46823049909128
-6.60212903870256
-2.7623496049482137
-7.453726001960335
-4.516465913512328
-1.8921451634984037
-2.0179445775347977
-1.0589783055949957
-0.43857314782778806
-2.8924246299658445
-2.7461145824776247
-4.82958374561998
-0.9928550789931357
-10.968452826869418
-4.875709481793765
-7.258786658510361
-6.037641116860768
-5.159609821701106
-6.2051096911164345
-4.7925589373466835
-1.814099093324358
-1.158199177585048
-7.006154141157473
-5.147627788744735
-7.320801636060724
-2.316339294372929
-7.00420081437021
-5.498551936027497
-2.242437928314096
-4.021408005957169
-6.804918958354837
-2.8663328392839267
1.6823975065450378
-4.924962278604922
-2.580016764884349
-5.074357805152932
-0.9910865690209538
-4.93252729849274
-2.399669976022891
-4.666482493553457
-1.3924006406200777
-5.679926178279626
-2.2938929653634736
-5.483389721565849
-11.567086267181251
-4.238277006181342
-4.86053491753697
-2.4707261772616187
-8.79640021253761
-2.9978456749336693
-6.393065933950411
-5.883727789083624
-3.0007004266177764
-7.3920809936781895
-3.174788254180217
3.001105635342518
-5.560566913577861
-1.814099093324358
-5.10150205257095
-5.048477344156928
-0.710491454778771
-6.0231602979118835
-6.010852835134345
-3.4837313694044836
-1.7746137394361805
-4.46884781373002
-4.819771961012781
-1.3899049624497135
-2.6909428488200215
-4.340864593362508
-3.5017463196831837
0.3678340818628465
-2.576506295743211
-5.256273554664886
-3.389888744432212
-3.5718381376367647
0.39497832928086285
-1.6198422373423165
-3.9985279466816697
1.6823975065450378
-3.559801855111267
-7.97067665737847
-1.582393308459631
-8.338375981573977
-3.6511479942329013
-2.304587988792242
-6.303159021681879
-4.493496382977697
-1.702026243312362
-4.833595102117531
1.2433665910299943
-3.5570013529962856
-4.071801038095647
-1.7721180612658467
-4.8715647776784765
-7.350993778773488
-4.493496382977697
-4.500768147730357
-5.425605366389809
-1.9047015397270672
-7.0967596953822705
-5.1151207616771215
-1.9830738474025018
-4.3807410454977385
-5.117628789642609
-2.8924246299658445
-3.3366527063322784
-2.117306351808517
-2.316339294372929
-5.332072860119627
0.8801349809696928
-7.526316605906431
-9.774876274577517
-1.7284880032624668
-4.93252729849274
-1.1346855856533715
-4.920189299844776
-5.190872607225245
-4.5633206924681
-4.5633206924681
-1.8165947714946442
-6.303159021681879
-4.0102939021993835
-6.5913341464300546
-4.193111407473168
-4.498272469560018
-4.3412205590541015
1.023733997602063
-4.6973418671882525
0.3678340818628465
-6.140975767980602
-1.210869510313349
-3.146927953526123
-2.5415004826830825
-7.510517750966405
-2.407267978277015
-1.9992005844741103
-3.3640082834362084
-3.5393311105691505
-2.6378387858256938
-4.372882587677802
-3.00196421303979
-2.0291995835762355
0.5995398667274978
-1.1088051246573722
-6.5026055170243575
-3.0620329167002587
-6.435046966008909
-5.22981179471475
-4.0978843598874715
-5.341884644726826
-2.750594123305653
-5.738934528183374
-2.213644654951129
-2.4421387084093626
-3.9259404505577495
-1.1088051246573722
-0.10248578518550404
-1.158199177585048
-3.316618760840409
-6.988483898730338
-6.307921919958187
-4.25311379082182
-9.392064775660726
-2.0179445775347977
-1.3652563932020876
-0.36314908609504254
-2.196312192140311
-8.441108204760823
-4.136093316235816
-5.015890962509008
-3.5718381376367647
-3.6451081212285668
-2.3317322362102604
-3.0010703958859946
-8.392375110082696
-2.9599831809812933
-1.7259923250919744
-6.5083169496007125
-6.45626845116466
0.9862850687195035
-4.819771961012781
-6.988055891223275
-2.7146529642514907
-3.1991019867151578
-2.886014167375602
-3.250557023764535
-5.1216710809906
-2.152682134136865
1.728523242718823
-4.329965553012663
-3.9960322685113296
-2.6353431076553533
-2.4953747465092966
-5.751241990960913
-3.986527727650023
-3.132807222121721
-7.086944802952893
-0.47988465940873526
-3.2932339780147446
-3.2060772057135245
-3.764326483646678
-4.613523485210316
-7.462855299099652
-2.530245476641644
-1.3924006406200777
-3.51337129499284
-5.899361284076398
-1.5588797165280137
-4.378245367327398
-7.1348414109671845
-6.4242215378659795
-7.559035541841749
-4.365904260857259
-0.9508740469346549
-3.7408128917149743
-8.158967736925186
-4.25311379082182
-4.241858784780382
-4.517315592485726
-1.0414796011594671
-2.3219204516030603
0.5468695339992136
-9.071869762217196
-2.316339294372929
-4.885183486784648
-5.318623605914749
-5.613802951677796
-4.922466600434582
-4.495995168970212
-1.362760715031716
-2.579001973913551
-2.196312192140311
-3.497993003092538
-4.192151270007557
-4.748129066706777
-1.1346855856533715
-1.582393308459631
-4.704452169114402
-3.3786337383907745
-7.243949873869881
-5.6758179292281605
-2.213644654951129
-2.9656946135576465
-1.6350636411879444
-4.19060776465208
-5.0188037748759715
-7.869379187547081
-4.023176515929346
-6.602159574572982
-2.4618200365010368
-0.4534099324682718
-3.8930887156385707
-5.640947199095813
-3.5108756168225006
-5.268614661135024
-2.750594123305653
-3.3143530023654564
-4.574456394220005
-7.550962067331933
-3.896306672971099
-3.0595372385299187
-2.213644654951129
0.1143832150386669
-5.178353814761793
-0.8776040633428531
-4.069302252103133
-8.338375981573977
-7.646666837818338
-2.483451902937003
-4.356441962899825
-5.0906766244280215
-5.58380395257567
-7.275105477785449
-5.878964890807313
-0.8776040633428531
-5.043392267573739
-7.3567052113498415
-2.894920308136183
-0.710491454778771
-7.510517750966405
-2.711108769417496
-7.877920132834899
-3.8232082273709023
-0.7718385947982747
-3.71493243071897
-5.896865605906059
-5.896865605906059
-5.896865605906059
-3.71493243071897
-3.71493243071897
-3.8232082273709023
-2.4694942855132935
-3.4261583439143553
-3.2907382998444055
-3.1476440067622
-3.7174281088893095
3.4252997662170825
-3.964339704017205
-2.6353431076553533
-2.152682134136865
-2.915938221897548
-6.104120309154191
-1.8165947714946442
-1.6375593193582758
-2.728782119666806
-1.3504196085615592
-3.1339947617856043
-0.5090096736329328
-2.1558226340097835
-5.351358649717708
-7.5003567903301205
-1.196032725672864
-4.517315592485726
-1.7259923250919744
-1.6588696623899226
0.819172460155429
-4.797076718552367
-7.510517750966405
-8.184026682450334
-9.183638311386959
-6.605337740211204
-8.225262501518623
-4.0131158178711885
1.2433665910299943
-0.710491454778771
-5.077238102528518
-6.387703154300817
-8.083790137433827
-1.814099093324358
-3.8176646539058168
-2.5415004826830825
-7.86391653905375
-0.39244741165400454
-5.086665267930472
-4.422722077556235
-3.9985279466816697
-6.2889488273883964
-1.9708247663288636
-5.545730128937383
-0.96820650974549
-1.0764823063974323
-3.9420149539273353
-4.481158384329734
3.4252997662170825
-2.2985396917769925
-4.388533834891769
-4.517315592485726
-2.4233947153486746
-6.462575832632171
-6.560178542514486
-6.056515874325583
-2.676106064179543
-5.589154382430118
-9.134983253350235
-5.968871803075848
-3.532352783748609
-8.840876922766446
-0.8776040633428531
-3.665277149648218
-4.315128768372184
-2.0179445775347977
-8.798895890707952
-2.8924246299658445
-0.9047483107608779
-6.307921919958187
-8.081294459263487
-4.18525229776732
-3.389888744432212
-4.890546266434244
-0.7866753794387574
-3.1388470951260548
-2.037625905626471
-2.5736515440591026
-3.5150203209377904
-3.241083018773654
-7.128304652150335
0.7108966635034973
-4.32067234183727
2.3349921966191096
-4.4786595983372175
-3.7072581817067145
-3.623792417128971
-3.532352783748609
-6.985560213052936
-3.1499827968779606
-2.6353431076553533
-1.3479239303912378
-2.6378387858256938
-0.8800997415132
-7.4397224081791835
-3.0076756456161426
-3.652379885981227
-5.573009459283183
-3.142281227112603
-5.086665267930472
-1.3042938723877788
-7.453726001960335
3.4252997662170825
-7.058830196644737
-6.16701186766388
-7.719936821410141
0.39248265111052383
-1.3924006406200777
-1.3899049624497135
-1.6198422373423165
-11.56459058901091
-4.071801038095647
-9.904368782589748
-5.654005925589316
-1.9830738474025018
-4.885183486784648
-5.075621591574946
-0.6195627708746829
-3.132807222121721
-0.7928867904346859
-4.516465913512328
-5.0906766244280215
-3.6205530462396167
-2.0291995835762355
-5.271110339305364
-7.462855299099652
-3.9960322685113296
-3.234052961044171
-5.178353814761793
-3.8964782109627047
-1.1695563157857298
-4.144899483695844
-2.071180615634732
-7.708681815368704
-1.6350636411879444
-1.2778321124376693
-8.436851820311533
-5.981179265853386
-3.7805281652985165
-4.204722296173082
-4.846916208430799
-9.380141932088433
-7.3019540195312596
-1.1346855856533715
-0.9508740469346549
-0.6089990049578736
-6.829242097781347
-3.174788254180217
-7.392974810831984
-3.668927330736597
-2.2382932241988063
-7.255931906826253
-5.076853483323273
-4.189329354335751
-2.213644654951129
-5.379386135957296
-3.738547133240021
-3.5989823850547817
-7.275105477785449
-2.9978456749336693
-5.344380322897166
-0.7191682620699871
-4.468941307988746
0.5468695339992136
0.03174671922056184
-1.4631749460414922
-1.3573979353821188
-6.713142958262961
-3.665277149648218
-5.268614661135024
-2.286914638542931
-5.086665267930472
-8.668808090417173
-5.514441177404076
-3.6747511546391007
-2.284418960372592
-11.495200706202874
-6.838351992228149
-1.467951032623862
3.001105635342518
-2.407267978277015
-5.7199530394276055
-3.714721101033058
-0.260416862908194
-3.197452960770208
1.6823975065450378
-8.322908943167691
-3.086681485947936
-1.1346855856533715
-0.10402250087847466
-1.7531365725102257
-2.894920308136183
-3.17030871335219
3.001105635342518
-3.9223586719587087
-7.936597529436399
-2.316339294372929
-5.552840430863532
-1.196032725672864
-1.3924006406200777
-3.4318697764907085
-2.6624873550733716
-3.649884207810888
-2.918433900067888
0.819172460155429
-7.2537616584770825
-1.3652563932020876
-7.646666837818338
-6.986868351559392
-4.959671545910758
-4.023176515929346
-0.4534099324682718
-1.7746137394361805
-5.060784806934468
-2.1074763811260424
-3.7679571391329914
-2.1558226340097835
-5.510859398805037
-3.5718381376367647
-3.9635252414437154
-4.651427460700381
-2.071180615634732
-0.5090096736329328
-0.3476444639237085
-6.207605369286775
-6.065141329970378
-3.0718447013074583
-5.014659070760683
-5.4228446559691355
-4.08663471491395
-3.8691226338587748
-3.6747511546391007
-3.5718381376367647
-4.516465913512328
-2.4198390044425415
-1.1346855856533715
-1.7485461468662198
-6.007998083450235
-3.2494960981383416
-4.089471280522782
-3.344723145724038
-2.5475779394524625
-3.2528343243543403
-4.500768147730357
-6.0379970825523595
-2.7312777978371465
0.819172460155429
-1.7721180612658467
3.001105635342518
1.620247446066891
-3.0076756456161426
-3.9839959859858314
-1.017095839123034
-6.543692731929059
-4.447370646803912
-3.4261583439143553
-4.280258038239837
-3.649884207810888
-4.619198136699175
-3.71493243071897
-2.1773307033845426
-7.275105477785449
-5.768574453771731
-0.8776040633428531
-4.756313762028178
-1.1346855856533715
-1.4152806998955945
-3.5150203209377904
-2.4421387084093626
-0.2949741311954175
-1.4914646245555043
2.8928298386905857
-4.162741264114585
-2.0592577720624385
-3.9960322685113296
-5.013395284338669
-5.503749096878887
-3.1388470951260548
-11.492705028032534
-3.4227688485902195
0.819172460155429
-2.6378387858256938
2.8928298386905857
-0.6347841747203998
-0.7866753794387574
-1.814099093324358
-2.998574717715655
-0.9047483107608779
-4.204722296173082
-3.104696436226637
-3.316618760840409
-2.196312192140311
-8.116986704866692
-4.651427460700381
-2.4882644445831477
-4.36340858268692
-2.7086130912471567
-4.1998777527218865
-5.183003571073083
-8.629287603973536
-5.315927936972693
-4.7594919276664
1.936165780289524
0.819172460155429
-3.944170675597554
-5.6134469859862035
-7.877920132834899
-3.857759772899151
-3.0620329167002587
-7.708013977837848
-3.786938627888759
-2.6378387858256938
0.13789680697037374
-1.4631749460414922
-3.768917276598603
-9.858107963488179
-7.350993778773488
0.40981511392134223
0.3678340818628465
-6.138480089810261
-1.5588797165280137
-8.374701759833387
-3.1678130351818505
-5.147271823053143
-3.073798872217973
-2.2695821757321126
-6.390211182266303
-6.393065933950411
-3.504241997853524
-4.83609078028787
-4.893041944604584
-3.574333815807104
-1.210869510313349
-5.526959969867528
-5.598966167037317
1.6823975065450378
-7.680126037700817
-2.2695821757321126
-3.964339704017205
-4.025672194099686
-2.647650570432893
-7.869379187547081
-8.644124388614015
-1.467951032623862
-2.893688416387858
-1.9571933864065147
-4.139126561593534
-2.893688416387858
-3.830183446369269
-4.139126561593534
-4.920189299844776
-10.051312362734171
-4.139126561593534
-5.075621591574946
-1.7894505240765697
-0.029215801593701667
-7.877920132834899
-0.014379016953222258
-6.114848844743203
1.1079465469600447
-4.924962278604922
-2.0617534502327777
-4.624071883596451
-2.071180615634732
-4.493496382977697
-4.093121461611161
-7.877920132834899
-2.6353431076553533
-3.8176646539058168
-2.6619826315232067
-3.343763008258427
-7.455880080101285
-0.8800997415132
-3.146927953526123
-4.188520614521242
-6.941084215414995
-5.8133920514390605
-3.662534078298113
-2.998248480214189
-6.8172600648249775
-5.560566913577861
-5.268614661135024
-4.614801895526645
-5.681983363866661
-2.2654374716168233
-3.113825733365953
-3.486227047574823
-4.589201153464104
-4.86708523685045
-1.4152806998955945
-2.817385187438338
-1.827717802430417
0.03174671922056184
-6.5938298246003955
-8.574999109137503
-2.7299696593306906
-0.7866753794387574
0.562090937844938
-2.669127737358999
-1.9293501089747156
-6.462191213426924
-1.814099093324358
-4.153022973766114
-1.5051559780999961
-3.486227047574823
-7.213950874767755
-2.968608554625832
-11.071006575328306
-6.968780679957418
-1.014600160952674
-3.944170675597554
-3.1599514695397386
-11.567086267181251
-3.768917276598603
-8.53426915207469
-2.0592577720624385
-3.2528343243543403
-2.381387517281012
-4.62049010499741
-3.673690229012906
-4.193111407473168
-3.818094231804327
-3.2234096685243423
-7.559035541841749
-0.10248578518550404
0.562090937844938
-6.395561612120752
-1.3899049624497135
1.3043291118442581
1.511971649414959
-7.241454195699542
-8.586968792298725
-3.829304279152501
-4.434488033073949
-4.611942106812225
-1.814099093324358
-7.559035541841749
0.9862850687195035
-0.38962549598219853
-2.57438058684109
-2.8020521032586094
-3.902189643539058
-10.716202327261781
-3.155471928711712
-7.242506652435643
-7.253436228655912
-8.958463282949259
-1.1346855856533715
-6.16714001555549
-1.1606948557554218
-1.2346755315153455
-3.964339704017205
0.455940850095127
-2.407267978277015
-1.814099093324358
-3.086681485947936
-2.4953747465092966
-2.894920308136183
-3.174788254180217
-0.5266799160600747
-2.225410610468843
-2.4863813113733877
-3.389888744432212
-2.46823049909128
-6.547837436044348
-2.5147408544703107
-4.092271782637764
-4.636590676059903
-0.5020313468123985
-7.692792573992127
-1.1346855856533715
-5.060784806934468
-3.343763008258427
-2.9544396075162083
-1.8394748307702415
-1.9830738474025018
-7.026323169577124
-4.817276282842442
-3.1599514695397386
-7.56153122001209
-4.034931997571908
-5.616298629848136
-2.19880787031065
-1.6663525927213025
-1.328942441635441
-4.323934935832211
-2.453393714450801
-2.284418960372592
-3.4318697764907085
-3.4318697764907085
-7.392974810831984
-1.3924006406200777
-1.8873690769160996
-5.075621591574946
-6.138480089810261
-4.63532688963789
-1.5588797165280137
-4.09644649952115
-1.6050054527016886
-6.877759888656695
-1.6375593193582758
0.819172460155429
1.196053315192326
-5.896865605906059
-6.757561330432726
-2.2382932241988063
0.455940850095127
-7.253436228655912
-3.0076756456161426
-1.8394748307702415
-2.723449875887634
-5.309377617659213
-9.373162641485264
-5.740122067847257
-6.002093507263244
-2.2382932241988063
-1.814099093324358
-2.6619826315232067
-1.210869510313349
-7.255931906826253
-8.081294459263487
-2.6378387858256938
-2.750594123305653
-4.387719372318281
-3.2085759917060392
-2.5357890501067293
-4.797076718552367
-4.677307921696385
-1.0389808151669213
-2.6619826315232067
-3.6770284552289056
-4.076574016855792
-3.3191144390107485
-11.142892136306687
-4.666482493553457
-2.6378387858256938
-3.6747511546391007
-3.714721101033058
-1.8873690769160996
-1.196032725672864
-4.447370646803912
-1.8165947714946442
1.2433665910299943
-3.758529973731038
-7.243949873869881
